version: 1
creator: callgrind-3.8.1
pid: 12243
cmd:  /home/edgarsandi/proj/src/studies/polymorphism-build/polymorphism
part: 1


desc: I1 cache: 
desc: D1 cache: 
desc: LL cache: 

desc: Timerange: Basic block 0 - 246975
desc: Trigger: Program termination

positions: line
events: Ir
summary: 1359130


ob=(2) ???
fl=(14) ???
fn=(254) 0x0000000004a25560
0 6

fn=(988) 0x0000000000401094
0 3

fn=(1046) 0x0000000004ce7e8c
0 3

fn=(302) 0x000000000550e4d0
0 6

fn=(326) 0x0000000004c800c0
0 6

fn=(480) 0x0000000000400c98
0 6

fn=(1068) 0x0000000004f3b9b8
0 3

fn=(1088) 0x000000000557bf38
0 3

fn=(314) 0x0000000004f2c750
0 6

fn=(1014) 0x0000000004a257f0
0 3

ob=(1) /lib/x86_64-linux-gnu/ld-2.17.so
fl=(20) /build/buildd/eglibc-2.17/posix/../sysdeps/unix/syscall-template.S
fn=(58) uname
81 4
+1 1

fl=(22) /build/buildd/eglibc-2.17/elf/dl-hwcaps.c
fn=(62) _dl_important_hwcaps
39 8
+2 1
+1 2
-3 3
+12 2
-12 1
+3 1
+9 1
+10 4
+44 3
cfi=(23) /build/buildd/eglibc-2.17/io/../sysdeps/unix/syscall-template.S
cfn=(64) access
calls=1 -24 
* 9
* 2
296 9
103 1
+17 1
-17 1
+17 5
+3 1
-3 1
+3 1
+27 2
+8 2
+2 3
+1 1
-1 1
+1 3
+4 1
+4 1
-4 1
+1 1
-1 1
+4 1
+3 1
+1 1
-1 1
+4 4
+1 2
+18 9
+1 1
-1 2
+1 5
cfi=(15) /build/buildd/eglibc-2.17/elf/dl-minimal.c
cfn=(36) malloc
calls=1 93 
* 29
+1 1
-1 1
+1 3
+32 1
-3 3
+3 1
+28 2
37 1
257 1
37 2
257 3
+1 2
-1 2
+1 6
-1 6
+10 1
37 3
267 1
37 1
262 5
+3 1
-3 1
+3 1
-3 3
+3 1
-3 1
+3 7
+1 12
+1 4
-1 4
+1 8
-2 4
+1 8
-1 14
+4 4
+3 1
+2 2
-1 1
-1 2
+2 3
+13 9
+1 1
+2 2
-3 3
+1 1
+2 2
+3 3
+2 1
60 1
+5 2
+68 2
-12 2
231 4
cfi=(24) /build/buildd/eglibc-2.17/string/../sysdeps/x86_64/memcpy.S
cfn=(66) mempcpy
calls=1 61 
* 22
* 1
+1 1
-1 1
+1 3
cfi=(24)
cfn=(66)
calls=1 61 
* 22
* 3
+42 2

fl=(1) ???
fn=(0) 0x0000000000001650
0 2
cfi=(2) /build/buildd/eglibc-2.17/elf/rtld.c
cfn=(2) _dl_start
calls=1 367 
0 1240329
0 14
cfi=(64) /build/buildd/eglibc-2.17/elf/dl-init.c
cfn=(250) _dl_init
calls=1 92 
0 9388
0 3
cob=(8) /home/edgarsandi/proj/src/studies/polymorphism-build/polymorphism
cfi=(81) ???
cfn=(468) 0x0000000000400d50
calls=1 0 
0 109394

fl=(24)
fn=(66)
61 28
+4 28
+3 26
+1 26
+2 13
+1 13
+2 13
+1 13
+5 13
+1 13
-1 13
+1 13
+2 16
+1 16
+2 16
+1 16
+5 16
+1 16
-1 10
+1 10
+2 14
+1 14
+2 14
+1 14
+5 14
+1 14
-1 12
+1 12
+2 14
+1 14
+2 14
+1 28
+5 14
+1 14
-1 12
+1 14
+5 2
+1 2
+1 2
+1 2
+2 2
+2 2
+1 2
+2 2
+6 26
+4 26
+12 5
+2 5
+1 5
+26 5
+1 5
+3 5
+1 5
+1 5
+5 5
+2 5
+1 5
+1 5
+1 5
+2 5
+1 5
+1 5
+1 5
+2 5
+1 5
+2 5
+22 5
+2 5
+2 2
+7 2

fl=(111) /build/buildd/eglibc-2.17/elf/dl-fini.c
fn=(976) _dl_sort_fini
33 8
+2 1
-2 3
+2 1
+5 1
+1 2
-1 1
+1 1
+1 1
-1 1
-1 1
+2 2
-1 2
+1 3
cfi=(32) /build/buildd/eglibc-2.17/string/../sysdeps/x86_64/multiarch/../memset.S
cfn=(110) memset
calls=1 +1 
* 19
* 1
+15 11
+62 4
+3 45
cfi=(32)
cfn=(110)
calls=5 -79 
* 87
* 20
-75 5
-1 5
+1 5
-1 5
+5 5
-5 5
+5 10
-4 2
-1 2
+1 2
-1 2
+5 2
-5 2
+5 18
+6 7
+1 20
+2 24
+1 12
-1 44
+1 28
+3 75
-1 105
+31 48
+21 16
-57 32
+61 21
+7 8
-57 12
cfi=(37) /build/buildd/eglibc-2.17/string/../string/memmove.c
cfn=(132) memmove
calls=1 -21 
* 63
+4 1
-2 1
+2 6
+8 5
+7 9
cfi=(37)
cfn=(132)
calls=1 -40 
* 33
+1 2
+2 2
-2 1
+2 1

fn=(974) _dl_fini
132 3
+12 1
-12 5
+19 1
-6 1
+9 4
-23 6
+26 2
cfi=(2)
cfn=(46) rtld_lock_default_lock_recursive
calls=1 843 
* 2
+3 2
+3 2
+2 6
+7 1
+4 1
-4 1
+4 3
+2 2
+3 9
+3 2
+10 14
+2 14
+2 7
+1 7
-1 7
+1 7
+1 7
+4 7
-12 7
+8 7
-8 14
+14 2
+5 5
cfn=(976)
calls=1 33 
* 861
+9 2
cfi=(2)
cfn=(48) rtld_lock_default_unlock_recursive
calls=1 849 
* 2
+4 5
+2 1
+2 3
-2 6
+2 18
+3 14
+3 21
+4 10
+7 10
+4 5
+1 5
-1 5
+2 10
+1 20
+1 10
cob=(4) /lib/x86_64-linux-gnu/libm-2.17.so
cfi=(58) ???
cfn=(1070) 0x0000000000005a10
calls=1 0 
* 1244
cob=(6) /lib/x86_64-linux-gnu/libgcc_s.so.1
cfi=(78) ???
cfn=(1048) 0x0000000000002b20
calls=1 0 
* 1244
cob=(7) /usr/lib/x86_64-linux-gnu/libstdc++.so.6.0.17
cfi=(79) ???
cfn=(1016) 0x000000000005c260
calls=1 0 
* 2105
cob=(5) /usr/lib/valgrind/vgpreload_core-amd64-linux.so
cfi=(65) ???
cfn=(990) 0x0000000000000630
calls=1 0 
* 881
cob=(8)
cfi=(81)
cfn=(978) 0x0000000000400df0
calls=1 0 
* 16
* 5
-1 15
+5 15
+1 15
cob=(2)
cfi=(14)
cfn=(1088)
calls=1 0 
* 3
cob=(2)
cfi=(14)
cfn=(1068)
calls=1 0 
* 3
cob=(2)
cfi=(14)
cfn=(1046)
calls=1 0 
* 3
cob=(2)
cfi=(14)
cfn=(1014)
calls=1 0 
* 3
cob=(2)
cfi=(14)
cfn=(988)
calls=1 0 
* 3
+5 42
+16 14
-55 15
-70 2
284 4
+2 1
-2 2
+6 2
+7 8
-62 4

fl=(25) /build/buildd/eglibc-2.17/misc/../sysdeps/unix/syscall-template.S
fn=(68) mmap
81 90
+1 18

fn=(108) mprotect
81 48
+1 12

fn=(246) munmap
81 4
+1 1

fl=(66) /build/buildd/eglibc-2.17/string/../sysdeps/x86_64/multiarch/../cacheinfo.c
fn=(266) init_cacheinfo
550 1
+13 1
-13 1
+13 1
-13 1
+13 1
+7 2
-6 1
cfi=(67) /build/buildd/eglibc-2.17/csu/../sysdeps/x86_64/multiarch/init-arch.c
cfn=(268) __init_cpu_features
calls=1 52 
* 74
* 2
+8 3
cfn=(270) handle_intel
calls=1 306 
* 841
+4 2
-4 1
+4 1
cfn=(270)
calls=1 306 
* 882
+2 1
-2 1
-1 1
+3 1
+29 1
-18 1
+18 3
+7 5
+6 1
-6 1
+6 1
-6 12
+6 3
-6 3
+6 3
+3 16
+2 1
+6 5
+7 5
+2 1
+2 2
-4 4
+2 1
+2 6
+2 4
+5 1
+2 2
+1 1
-1 2
+1 1
+5 1
+12 4
+75 2
+2 1
+1 1
+2 1
-3 1
+5 1
-5 1
+4 3
+4 2
+2 1
+1 1
+2 1
-3 1
+5 1
+2 1
-7 1
+4 2
+3 1
-3 1
+3 2
-93 6

fn=(276) intel_02_known_compare
150 162
+3 162

fn=(270)
306 4
-1 2
+12 2
-12 6
+17 2
-17 8
+14 2
+1 2
+8 4
+5 2
-5 4
+5 2
+7 10
cfn=(272) intel_check_word
calls=2 161 
* 1452
+1 4
+3 10
cfn=(272)
calls=2 161 
* 181
+1 4
-10 2
+1 4
+26 16

fn=(272)
161 28
+1 12
+6 32
+2 4
-2 4
+2 4
+12 20
+53 24
+36 40
-1 8
+1 8
cfi=(68) /build/buildd/eglibc-2.17/stdlib/bsearch.c
cfn=(274) bsearch
calls=8 26 
* 1234
+2 16
+22 8
170 16
+2 10
+2 20
-10 2
300 28
194 10
+5 10
-5 14
+9 2
+2 4
+8 2
+2 4
+13 3
-34 15
+5 6
+4 8
+7 9
+7 2
+2 2
+1 2
-3 2
+2 2
-1 2
-1 2
+2 2
-1 6
+1 2
-2 4

fl=(9) /build/buildd/eglibc-2.17/string/../sysdeps/x86_64/multiarch/../rtld-strlen.S
fn=(18) strlen
28 24
+1 24
+1 24
+1 24
+2 15
+1 15
+2 15
+1 15
-1 53
+1 53
+1 67
+1 67
+1 67
+2 46
+5 23
+1 23
+1 23
+1 23
+3 23
-6 7
+1 7
+1 7
+1 7
+3 7
+1 25
+1 25
+1 25
+2 25
+3 20
+1 20
+1 20
+1 20
+3 20
+1 15
+1 15
+1 15
+2 15
+3 12
+1 12
+1 12
+1 12
+3 12
+1 12
+1 12
+1 12
+2 12
+3 12
+1 12
+1 12
+1 12
+3 12
+1 10
+1 10
+1 10
+2 13
+3 3
+2 3
+1 3
-3 20
+2 20
+1 20
+1 21
+2 21
+1 21
+1 21
+2 21
+1 21
+1 21
+2 21
+1 21
+1 16
+2 16
+2 16
+1 16
+1 14
+2 14
+1 14
+1 10
+2 10
+1 10
+1 8
+2 8
+1 8
-1 16
+1 16

fl=(31) /build/buildd/eglibc-2.17/io/../sysdeps/unix/sysv/linux/wordsize-64/fxstat.c
fn=(106) _fxstat
36 6
-1 6
+1 6
+1 36
+4 6

fl=(32)
fn=(110)
43 19
+1 19
+1 19
+4 19
+1 19
+1 19
+1 19
+2 19
+1 19
+2 16
+5 16
+1 16
+1 16
+1 16
+1 16
+4 1
323 1
+1 1
+1 1
+1 1
+1 1
+1 1
+1 1
+1 1
+1 1
+1 1
+1 1
+1 1
+1 1
+1 1
+1 1
+1 1
+1 1
-8 1
+1 1
+1 1
+1 1
+1 1
+1 1
+1 1
+1 1
+1 1
-5 1
+1 1
+1 1
+1 1
+1 1
+1 1
-4 1
+1 1
+1 1
+1 1
+1 1
-1 3
+1 3
+24 2
+1 2
+1 2
-1 2
+1 2
+41 1
+1 1
+1 1
+1 1
+1 1
+1 1
+1 1
+1 1
+1 1
+1 1
+1 1
-1 2
+1 2
+49 2
+1 2
+1 2
+1 2
-2 2
+1 2
+1 2
+35 3
+1 3
+1 3
+1 3
+1 3
+1 3
+1 3
+5 3
+1 3
+1 3
+1 3
+1 3
+36 2
+1 2
+37 3
1213 3
+1 6
+4 3
+1 3
+1 6
+5 3
+2 3
+1 3
+1 3
+1 3
+1 3
+1 3
+1 3
+1 3
+1 3
+1 3
+1 3
+1 3
+1 3
+1 3
+1 3
+1 3
+2 3
+2 3
-21 31
+2 31
+1 31
+1 31
+1 31
+1 31
+1 31
+1 31
+1 31
+1 31
+1 31
+1 31
+1 31
+1 31
+1 31
+1 31
+1 31
+2 31
+2 31
+3 3
+1 3
+6 3
+1 3
+1 3
+1 3
+1 3

fl=(10) /build/buildd/eglibc-2.17/elf/../misc/sbrk.c
fn=(20) sbrk
34 3
+8 1
-8 1
+8 5
+4 2
+11 5

fl=(11) /build/buildd/eglibc-2.17/elf/dl-environ.c
fn=(24) _dl_next_ld_env_entry
30 3
+3 11
+2 64
+11 30
-13 90
-2 1
+19 1
-14 46
+5 2
-3 2
+3 2
+2 2

fl=(15)
fn=(238) free
121 2
-2 4
+2 2
+7 4

fn=(40) __libc_memalign
51 156
+1 155
+11 38
+1 38
-1 38
+3 38
-3 38
+3 76
-3 1
+1 1
-1 1
+3 1
-3 1
+3 138
+4 20
+1 15
+6 35
cfi=(25)
cfn=(68)
calls=5 +4 
* 30
+2 25
+4 15
+3 5
+1 5
+2 25
-3 34
+1 34
+2 170
-31 3
+1 1
-2 3

fn=(74) strsep
338 8
+2 4
+1 8
+4 14
+5 4
-5 118
+5 240
+2 366
+8 61
-15 185
+18 2
+4 4

fn=(32) calloc
102 17
+7 17
-3 17
+3 34
-3 17
+3 34
+4 17
cfn=(36)
calls=17 -20 
* 571

fn=(36)
93 38
+1 76
cfn=(40)
calls=38 -43 
* 1090

fl=(37)
fn=(132)
48 8
+6 4
-6 12
+6 8
+8 16
-18 12
+40 112
+31 20

fl=(28) /build/buildd/eglibc-2.17/elf/dl-error.c
fn=(82) _dl_catch_error
159 77
+9 11
+2 11
cfi=(2)
cfn=(84) _dl_initial_error_catch_tsd
calls=11 803 
* 22
* 11
+1 11
+2 22
-2 11
+2 11
cfi=(29) /build/buildd/eglibc-2.17/setjmp/../sysdeps/x86_64/setjmp.S
cfn=(86) __sigsetjmp
calls=11 26 
* 209
+1 11
-1 11
+1 11
+2 22
+1 11
-1 11
+1 22
cfi=(33) /build/buildd/eglibc-2.17/elf/dl-deps.c
cfn=(118) openaux
calls=10 60 
* 21045
cfi=(2)
cfn=(88) map_doit
calls=1 630 
* 2435
+1 33
+2 11
-1 22
+1 11
+1 22
+10 44

fn=(134) _dl_receive_error
197 10
+1 1
cfi=(2)
cfn=(84)
calls=1 803 
* 2
+5 1
-1 1
-4 1
+9 1
+2 1
-3 1
+3 1
cfi=(2)
cfn=(136) version_check_doit
calls=1 662 
* 11379
+2 1
+1 1
+1 8

fl=(23)
fn=(98) open
81 52
+1 6
+1 35

fn=(64)
81 24
+2 30

fn=(114) close
81 24
+1 6

fn=(100) read
81 20
+1 5

fl=(53) /build/buildd/eglibc-2.17/elf/../elf/dl-runtime.c
fn=(202) _dl_fixup
68 150
+6 150
-6 225
+3 150
+3 225
-4 75
+5 450
+1 75
-1 75
+1 150
+5 150
+4 150
+4 225
+4 148
+1 296
+2 296
+7 225
-1 75
+8 150
+3 675
cfi=(6) /build/buildd/eglibc-2.17/elf/dl-lookup.c
cfn=(160) _dl_lookup_symbol_x
calls=75 716 
* 67155
* 75
+4 225
+4 300
+6 450
+8 75
+8 300
+4 225
fi=(5) /build/buildd/eglibc-2.17/elf/../sysdeps/x86_64/dl-machine.h
+63 75
fe=(53)
-59 375
-64 2
fi=(93) /build/buildd/eglibc-2.17/elf/../sysdeps/x86_64/dl-irel.h
-55 2
cob=(3) /lib/x86_64-linux-gnu/libc-2.17.so
cfi=(98) /build/buildd/eglibc-2.17/string/../sysdeps/x86_64/multiarch/strlen.S
cfn=(876) strlen
calls=1 * 
* 8
cob=(3)
cfi=(41) /build/buildd/eglibc-2.17/string/../sysdeps/x86_64/multiarch/strcmp.S
cfn=(762) strcmp
calls=1 +55 
* 6
* 4
fe=(53)

fl=(17) /build/buildd/eglibc-2.17/string/../sysdeps/x86_64/multiarch/../strcmp.S
fn=(50) strcmp
134 1828
+1 1828
+1 1828
+1 1485
+1 1485
+1 1485
+1 1485
cfn=(51) strcmp'2
calls=1485 -6 
* 110876
+5 343
+1 343
+1 343
+1 343

fn=(51)
134 15452
+1 15452
+1 15452
+1 15323
+1 15323
+1 15323
+1 15323
cfn=(51)
calls=13967 -6 
* 588979
+2 1356
+1 1356
+2 129
+1 129
+1 129
+1 129

fl=(38) /build/buildd/eglibc-2.17/elf/dl-version.c
fn=(142) match_symbol
76 220
+9 22
-8 22
-1 66
+1 22
+8 22
+6 66
+15 22
+1 44
+2 22
+5 44
+14 324
+12 420
+4 140
-30 280
+16 22
+3 88
cfi=(17)
cfn=(50)
calls=22 +1 
* 1738
* 44
-30 22
+65 176

fn=(138) _dl_check_all_versions
381 6
+4 6
+2 49
cfn=(140) _dl_check_map_versions
calls=7 174 
* 11252
-2 7
+2 21
-1 7
-1 14
+5 7

fn=(140)
174 63
+15 7
-15 14
+15 14
+2 7
+3 7
-3 7
+2 7
+1 7
+2 7
-3 7
+3 7
+3 15
+4 5
-4 5
+4 25
56 10
220 10
56 35
220 10
56 25
+1 41
-1 82
+2 153
cfi=(30) /build/buildd/eglibc-2.17/elf/dl-misc.c
cfn=(92) _dl_name_match_p
calls=51 304 
* 3315
* 102
228 30
+5 70
+20 12
-16 262
cfn=(142)
calls=4 76 
* 661
* 54
cfn=(142)
calls=18 76 
* 3165
* 22
+8 88
+3 76
+9 40
+5 15
+1 5
-80 2
-8 2
+96 14
+3 20
+10 64
-7 256
+3 192
-3 20
+3 15
+8 14
+87 63
-81 24
cfi=(15)
cfn=(32)
calls=6 102 
* 252
+1 6
-2 6
+2 6
+11 6
+2 6
-5 6
+3 12
+2 6
+3 25
+4 30
+18 12
-15 36
+2 36
-2 30
+2 30
+2 22
+1 22
-1 44
+1 22
-1 22
+1 22
+1 22
-2 22
+2 44
+1 66
+3 66
+8 30
+5 5
+1 5
+4 12
+3 25
+20 64
-14 64
-2 64
+2 69
-2 5
+2 5
+5 64
+1 64
-1 128
+1 64
-1 192
+1 64
+1 64
+3 212

fl=(13) /build/buildd/eglibc-2.17/elf/dl-object.c
fn=(44) _dl_add_to_namespace_list
33 12
+2 6
-2 18
+2 6
cfi=(2)
cfn=(46)
calls=6 843 
* 12
+2 43
+4 15
-1 60
+2 5
+2 5
+4 5
+4 5
-4 10
+1 10
+1 10
+2 5
+1 15
-1 5
cfi=(2)
cfn=(48)
calls=5 849 
* 10
-4 1
+4 1
-4 2
+1 2
+1 2
+2 1
+1 3
-1 1
cfi=(2)
cfn=(48)
calls=1 849 
* 2
-5 2

fn=(28) _dl_new_object
62 36
+1 6
-1 42
+1 6
cfi=(9)
cfn=(18)
calls=6 -35 
* 335
+6 6
-6 18
+6 66
+7 24
cfi=(15)
cfn=(32)
calls=6 +26 
* 258
+3 6
-3 6
+3 12
+4 6
+5 6
-6 6
+1 6
+5 6
-1 12
+1 6
cfi=(16) /build/buildd/eglibc-2.17/string/../sysdeps/x86_64/multiarch/../memcpy.S
cfn=(42) memcpy
calls=6 -27 
* 169
+2 6
-2 6
+5 18
-1 6
+1 12
+3 6
-3 6
+3 6
+9 6
-7 6
+4 6
+3 6
-45 5
+47 2
-2 2
+2 30
-2 30
+12 6
+6 6
-2 6
-3 6
-1 6
+6 36
+2 20
+3 13
+5 1
-1 18
+4 30
+8 1
+6 1
-3 2
+3 7
-3 10
+3 10
+2 5
+4 5
-4 5
cfi=(9)
cfn=(18)
calls=5 28 
* 329
* 10
+4 5
-4 5
+4 10
+64 5
+4 54
-86 3
-41 12
+39 1
-8 1
+8 1
+24 10
cfi=(15)
cfn=(36)
calls=5 -67 
* 145
+1 5
-1 5
+1 15
+45 15
cfi=(24)
cfn=(66)
calls=5 61 
* 182
* 5
+5 79
+1 79
-1 79
+1 84
-1 5
+1 5
+2 10
+3 10

fl=(36) /build/buildd/eglibc-2.17/elf/dl-tls.c
fn=(130) _dl_next_tls_modid
50 2
+3 6
+48 4
+4 4

fn=(146) _dl_determine_tlsoffset
112 7
+6 3
+3 2
+36 3
+2 9
-2 14
+2 2
+3 2
-1 2
+5 4
-4 2
-1 2
+7 2
-7 2
+3 4
+2 2
+2 2
-2 4
+16 10
+2 2
+1 2
-1 4
+10 2
-12 6
+15 4
+1 1
+51 1
+1 8

fn=(148) _dl_allocate_tls_storage
328 1
+13 1
-13 2
+2 1
+11 2
cfi=(15)
cfn=(40)
calls=1 51 
* 50
+1 1
-1 1
+1 1
+7 1
+4 306
-58 1
+1 1
-1 1
+1 2
cfi=(15)
cfn=(32)
calls=1 102 
* 38
+1 2
+9 1
-6 1
+6 1
+64 5

fn=(190) _dl_add_to_slotinfo
831 6
+9 2
-9 2
+6 4
+8 6
+42 2
-1 6
+1 2
-1 2
+1 2
+1 8

fn=(240) _dl_allocate_tls_init
376 7
+1 1
-1 1
+1 1
+4 1
+8 1
-5 1
-1 1
-2 3
+13 5
+6 4
-25 4
+47 4
+1 8
+2 4
+1 2
+10 2
-10 2
+8 8
+1 2
+1 4
cfi=(24)
cfn=(66)
calls=2 61 
* 37
* 10
cfi=(32)
cfn=(110)
calls=2 43 
* 52
-42 6
-19 6
+25 4
+3 2
+1 4
+6 6
+3 4
-1 4
+38 2
+3 9

fl=(67)
fn=(268)
52 1
-8 1
+8 1
+3 1
-3 1
+3 5
+92 2
+4 2
+2 3
+15 1
+1 1
+2 1
+1 2
-15 2
+1 1
+2 2
+3 2
-99 1
-33 3
+6 1
+1 1
+26 1
-27 1
+1 1
+26 1
-27 1
+1 1
+26 1
+4 1
-37 1
+37 1
-37 2
+37 1
+1 1
-38 1
+38 1
+5 1
+2 1
-2 1
-17 1
+58 1
-38 1
+1 2
+11 1
-32 1
+32 1
+22 3
-33 9

fl=(64)
fn=(252) call_init.part.0
34 48
+29 6
-29 6
+29 12
+2 10
+4 20
cob=(2)
cfi=(14)
cfn=(326)
calls=1 -69 
* 6
cob=(2)
cfi=(14)
cfn=(314)
calls=1 -69 
* 6
cob=(2)
cfi=(14)
cfn=(302)
calls=1 -69 
* 6
cob=(3)
cfi=(69) /build/buildd/eglibc-2.17/csu/../csu/init-first.c
cfn=(278) _init
calls=1 -17 
* 277
cob=(2)
cfi=(14)
cfn=(254)
calls=1 -69 
* 6
+4 6
+1 12
+6 12
+2 12
-2 6
+3 12
-49 32
+50 32
cob=(7)
cfi=(79)
cfn=(458) 0x000000000005c180
calls=1 -84 
* 158
cob=(7)
cfi=(79)
cfn=(456) 0x000000000005bf50
calls=1 -84 
* 54
cob=(7)
cfi=(79)
cfn=(430) 0x000000000005be90
calls=1 -84 
* 49
cob=(7)
cfi=(79)
cfn=(404) 0x000000000005bdd0
calls=1 -84 
* 49
cob=(7)
cfi=(79)
cfn=(378) 0x000000000005bcc0
calls=1 -84 
* 73
cob=(7)
cfi=(79)
cfn=(376) 0x000000000005bc80
calls=1 -84 
* 6
cob=(7)
cfi=(79)
cfn=(338) 0x000000000005bc60
calls=1 -84 
* 4288
cob=(3)
cfi=(77) /build/buildd/eglibc-2.17/elf/dl-altinit.c
cfn=(300) dlinit_alt
calls=1 -51 
* 4
* 24
cob=(7)
cfi=(79)
cfn=(330) 0x000000000005c2a0
calls=1 -84 
* 17
cob=(6)
cfi=(78)
cfn=(318) 0x0000000000002b60
calls=1 -84 
* 17
cob=(4)
cfi=(58)
cfn=(306) 0x0000000000005a50
calls=1 -84 
* 17
cob=(3)
cfi=(75) /build/buildd/eglibc-2.17/string/../sysdeps/x86_64/multiarch/../cacheinfo.c
cfn=(290) init_cacheinfo
calls=1 550 
* 1865
cfi=(66)
cfn=(266)
calls=1 550 
* 1942
cob=(5)
cfi=(65)
cfn=(258) 0x0000000000000670
calls=1 -84 
* 17
-1 42
+3 36

fn=(250)
92 11
+5 1
-4 1
+1 1
+3 2
+7 4
+28 1
+1 21
-97 21
+9 6
-3 12
+3 18
+5 10
+5 35
cfn=(252)
calls=5 -21 
* 9117
* 7
+77 16
+7 8
-88 3
-5 3
-10 3
+9 1
-3 2
+3 3
+5 2
+5 8
cfn=(252)
calls=1 -21 
* 68
* 1
+45 2

fl=(2)
fn=(46)
843 114

fn=(2)
367 9
+18 4
fi=(3) /build/buildd/eglibc-2.17/elf/get-dynamic-info.h
44 1
fe=(2)
385 1
fi=(5)
58 3
fi=(3)
-14 1
fe=(2)
414 1
-3 1
fi=(3)
44 1
+7 1
+5 1
+3 1
+2 1
-9 2
-5 30
+15 15
-18 45
+18 1
-18 3
+2 40
+5 20
+1 16
+10 4
-18 12
+25 2
+20 4
+1 4
+1 4
+1 4
+2 4
+5 4
+1 4
+1 4
+6 3
+5 2
+7 3
+1 3
+8 3
+2 3
+3 2
+1 2
fe=(2)
542 2
+7 1
290 2
+12 2
cfi=(6)
cfn=(10) _dl_setup_hash
calls=1 865 
* 25
+1 1
+1 1
-1 1
+1 1
+1 1
+1 1
-1 1
+1 1
+21 1
+10 1
-10 3
+10 1
-6 1
-4 1
+10 1
cfi=(7) /build/buildd/eglibc-2.17/elf/../elf/dl-sysdep.c
cfn=(12) _dl_sysdep_start
calls=1 86 
* 1239511
* 1
+9 4
+3 1
+4 1
-4 1
+4 1
574 9
fi=(3)
53 4
+3 4
fe=(2)
547 33
fi=(4) /build/buildd/eglibc-2.17/elf/do-rel.h
84 1
+27 1
-28 1
+28 2
+1 2
fi=(5)
474 2
fi=(4)
112 22
fi=(5)
474 22
+1 24
fi=(4)
111 24
fi=(5)
475 12
fi=(4)
111 12
+5 2
+8 1
fi=(5)
287 1
fi=(4)
124 2
+13 1
+2 2
-2 1
fi=(5)
241 1
fi=(4)
137 1
fi=(5)
269 1
fi=(4)
137 2
fi=(5)
269 1
fi=(4)
137 7
+2 14
-2 7
fi=(5)
241 7
fi=(4)
137 7
fi=(5)
269 7
fi=(4)
137 14
fi=(5)
269 7
+9 16
+3 8
-3 16
+3 24
+6 48
fi=(3)
59 4
+1 1
+1 3
fe=(2)
290 69
fi=(5)
+86 8
fi=(4)
124 16
fi=(5)
376 8
fi=(4)
124 9
fe=(2)

fn=(80) do_preload
809 1
+12 1
-12 5
+10 1
-4 1
+1 1
+5 4
-10 1
+6 1
+4 1
cfi=(28)
cfn=(82)
calls=1 159 
* 2493
+1 2
+10 3
+4 5

fn=(84)
803 24

fn=(88)
630 2
+2 7
cfi=(21) /build/buildd/eglibc-2.17/elf/dl-load.c
cfn=(90) _dl_map_object
calls=1 2311 
* 2423
* 1
+2 2

fn=(144) init_tls
729 1
-1 1
-6 1
+2 2
+4 1
+10 4
cfi=(15)
cfn=(32)
calls=1 102 
* 38
+11 1
-15 1
+3 1
+8 1
-11 1
+15 1
+2 1
-1 1
+1 1
+2 14
+4 2
+2 2
-2 6
-5 2
-1 4
+1 5
-1 12
+10 3
+3 1
cfi=(36)
cfn=(146)
calls=1 112 
* 108
+7 1
cfi=(36)
cfn=(148)
calls=1 328 
* 420
+1 1
-1 1
+1 1
+6 1
+8 1
-8 1
+8 6
+4 1
+3 3

fn=(22) dl_main
896 1
+19 1
-19 5
+26 1
-26 3
+32 1
-32 1
2501 1
915 1
2494 1
896 1
+22 1
-22 1
+27 1
-1 1
-4 1
2501 1
928 1
2494 1
+7 1
923 1
2501 1
-4 1
-1 1
+5 3
+2 2
cfi=(11)
cfn=(24)
calls=1 30 
* 43
* 4
cfi=(11)
cfn=(24)
calls=2 30 
* 211
* 9
+4 46
+1 19
-1 57
+3 4
+6 14
2669 3
+33 3
938 4
1134 7
cfi=(13)
cfn=(28)
calls=1 62 
* 239
+2 1
-2 1
+2 1
+1 1
+1 1
+5 1
-4 1
+4 1
-5 1
+1 2
+4 1
cfi=(13)
cfn=(44)
calls=1 33 
* 34
+1 2
905 1
1173 1
-3 1
-5 1
+1 1
+2 1
+5 6
+56 5
-55 27
-1 27
+1 47
-1 2
1276 3
+3 2
+2 2
+2 2
+13 3
+1 8
cfi=(17)
cfn=(50)
calls=1 134 
* 7
* 3
+7 1
+3 1
-5 1
+3 1
+2 1
+1 2
+4 2
+2 2
fi=(3)
29 1
+9 2
+6 1
-2 1
+2 2
+7 1
+5 1
+3 1
-7 14
+10 3
-18 9
+8 21
+10 21
-18 63
+18 1
-18 3
+2 50
+5 16
+2 4
+16 3
+38 3
+5 2
+7 2
+1 3
+16 3
+14 3
+18 2
fe=(2)
1319 2
cfi=(6)
cfn=(10)
calls=1 865 
* 25
+3 4
fi=(18) /build/buildd/eglibc-2.17/elf/setup-vdso.h
24 2
fe=(2)
1344 1
cfi=(19) /build/buildd/eglibc-2.17/elf/../sysdeps/unix/sysv/linux/dl-sysdep.c
cfn=(56) _dl_discover_osversion
calls=1 45 
* 84
* 8
-75 2
+1 2
+1 1
-6 2
+1 1
-88 3
+1 1
+50 2
-1 2
+1 4
-1 2
+2 4
+1 1
+3 2
+1 2
-1 2
+1 2
+1 2
+1 6
+1 2
-45 2
+2 1
+7 1
-7 1
-3 1
+10 1
+18 2
-37 3
+1 1
fi=(3)
56 4
+3 4
+1 1
+1 3
fe=(2)
2592 4
cfi=(12) /build/buildd/eglibc-2.17/string/../string/memcmp.c
cfn=(26) bcmp
calls=1 315 
* 120
* 2
+2 3
-55 4
cfi=(12)
cfn=(26)
calls=1 315 
* 26
* 2
+7 4
cfi=(12)
cfn=(26)
calls=1 315 
* 80
* 2
+2 3
1349 2
cfi=(21)
cfn=(60) _dl_init_paths
calls=1 712 
* 1436
+3 3
cfi=(27) /build/buildd/eglibc-2.17/elf/dl-debug.c
cfn=(76) _dl_debug_initialize
calls=1 51 
* 17
+7 1
-7 1
+2 1
+5 1
+3 3
+1 1
+3 1
-1 1
-2 3
+1 2
+3 1
+5 2
+1 3
+4 1
+2 2
+2 1
892 2
1380 1
892 1
1381 1
892 2
1386 1
+1 6
-1 2
+3 2
+1 2
+5 2
+5 3
911 1
1581 3
+3 2
+4 3
+5 2
+1 1
cfi=(27)
cfn=(78) _dl_debug_state
calls=1 75 
* 1
+5 3
+15 3
+4 3
+31 3
cfi=(23)
cfn=(64)
calls=1 81 
* 9
* 2
+77 4
+17 3
+1 1
-1 1
+1 2
-1 1
+1 5
cfi=(33)
cfn=(116) _dl_map_object_deps
calls=1 147 
* 25300
+1 1
+5 1
-5 3
+2 2
+3 4
+1 4
-1 2
+1 24
-1 12
+4 3
+1 3
+1 1
+2 2
+1 2
892 1
1759 1
892 1
1759 16
-1 15
1625 2
cfi=(9)
cfn=(18)
calls=1 28 
* 93
* 8
cfi=(16)
cfn=(42)
calls=1 61 
* 67
* 1
+3 3
-12 1
+12 2
+3 3
cfi=(15)
cfn=(74)
calls=1 338 
* 765
* 3
cfi=(15)
cfn=(74)
calls=1 338 
* 6
* 6
+1 2
+1 3
+2 4
cfn=(80)
calls=1 809 
* 2520
* 2
+2 1
+1 1
-1 3
+1 1
+1 3
+91 5
+1 1
-1 3
+4 3
+1 1
+1 2
+1 2
1602 2
1772 1
-1 2
+1 1
+2 1
+2 3
+2 1
-4 1
+5 1
-1 2
+14 2
+1 2
+1 3
+11 1
+2 1
-2 1
+2 2
-2 2
+1 1
+1 1
cfi=(28)
cfn=(134)
calls=1 197 
* 11409
+10 1
+1 1
-1 1
+1 1
+1 1
cfn=(144)
calls=1 729 
* 653
* 1
+2 2
+3 1
cfn=(150) security_init
calls=1 856 
* 22
+2 2
2059 3
+56 1
+11 1
-11 1
+4 4
+4 2
+3 1
+8 2
+46 3
+7 1
+2 11
+2 1
+2 21
+5 14
+2 14
+8 7
-2 7
+2 14
+1 48
cfi=(40) /build/buildd/eglibc-2.17/elf/dl-reloc.c
cfn=(154) _dl_relocate_object
calls=6 154 
* 1187679
+4 25
-22 18
+25 4
+2 1
+6 1
-6 1
+6 1
+9 4
+1 1
+5 2
cfi=(36)
cfn=(240)
calls=1 376 
* 212
+4 2
+14 3
+2 2
+29 1
cfi=(7)
cfn=(242) _dl_sysdep_start_cleanup
calls=1 248 
* 1
+4 3
+20 3
cfi=(27)
cfn=(76)
calls=1 51 
* 8
+1 1
+1 1
cfi=(27)
cfn=(78)
calls=1 75 
* 1
+5 1
cfi=(35) /build/buildd/eglibc-2.17/elf/dl-cache.c
cfn=(244) _dl_unload_cache
calls=1 309 
* 15
+5 8
2202 1
+1 1
-3 2
+14 4
cfi=(36)
cfn=(190)
calls=2 831 
* 42
* 2
+45 2
+15 1
+2 1
-2 1
+3 2
-3 2
+3 2
-3 1
+3 1
cfi=(40)
cfn=(154)
calls=1 154 
* 6661
+1 4
+2 3
2067 1
904 2
1769 2
1338 3

fn=(150)
856 2
+2 1
fi=(39) /build/buildd/eglibc-2.17/elf/../sysdeps/unix/sysv/linux/dl-osinfo.h
61 2
+23 2
+2 1
+7 1
fe=(2)
860 1
+6 2
+2 1
fi=(39)
101 2
+11 1
fe=(2)
871 1
+2 1
+6 1
+1 3

fn=(48)
849 114

fn=(136)
662 2
+2 4
cfi=(38)
cfn=(138)
calls=1 381 
* 11369
* 2
+4 2

fl=(7)
fn=(12)
86 8
+25 1
-1 1
+1 105
+6 1
-3 1
+1 1
-4 1
+3 1
+3 7
+1 3
-1 2
-29 1
-1 2
+31 102
+3 2
-4 49
fi=(19)
-82 2
cfi=(8) /build/buildd/eglibc-2.17/elf/../sysdeps/unix/sysv/linux/x86_64/brk.c
cfn=(14) brk
calls=1 -7 
* 11
fi=(5)
200 5
fe=(7)
+26 2
cfi=(10)
cfn=(20)
calls=1 34 
* 17
* 3
+12 3
+3 5
cfi=(2)
cfn=(22)
calls=1 896 
* 1239087
+1 1
+1 8
-67 1
-59 4
+34 1
-34 4
+43 1
-43 4
+40 1
-40 4
+37 1
-37 5
+13 1
-13 4
+10 1
-10 4
+7 1
-7 4
224 1
cfi=(9)
cfn=(18)
calls=1 28 
* 35
* 2

fn=(242)
248 1

fl=(68)
fn=(274)
26 8
+7 8
-7 72
+7 8
-7 16
+7 8
+7 8
+1 8
-8 16
+2 54
+2 54
-2 54
+1 162
+1 108
cfi=(66)
cfn=(276)
calls=54 150 
* 324
+1 108
+1 46
-6 92
+13 8
+1 72

fl=(12)
fn=(26)
315 22
+3 22
+1 22
-4 132
+7 44
+4 16
+2 1
+1 1
+1 1
+1 1
+2 2
-5 1
+1 1
+1 1
+1 1
+2 2
+2 2
-9 4
+16 8
+1 16
-1 16
129 25
-18 15
346 10
+4 3
+2 3
-2 6
+1 3
+5 34
+2 15
+1 15
+1 15
+3 30
-52 135
+49 93
-2 93
+1 93
+4 186
-7 214
+12 16
+1 176
228 3
-7 3
+1 3
+4 3
+2 3
-6 3
+4 3
+2 9
-99 10
+4 5
+1 5
+1 5
+1 5
+1 5
+48 5
-2 5
+1 5
+1 25
-80 5
+1 10
+4 10
-5 20
+1 40
+4 45
228 6
+6 3
+2 3
-4 3
+1 3
+4 3
-2 3
+56 6
-2 3
+2 6
-1 3
+1 6
+1 6
+12 18
+1 6
-6 6

fl=(21)
fn=(102) _dl_map_object_from_fd
917 55
+11 5
-11 5
+11 5
-11 10
+11 5
cfi=(27)
cfn=(76)
calls=5 51 
* 40
+4 15
-4 5
+4 5
cfi=(31)
cfn=(106)
calls=5 36 
* 50
* 10
+11 35
+1 15
-1 60
+1 80
+17 10
+25 10
+10 10
+22 20
+32 10
929 5
1053 35
cfi=(13)
cfn=(28)
calls=5 62 
* 2321
+1 5
-1 5
+1 5
+11 10
+1 5
-1 5
+2 5
-1 5
+4 5
-1 10
-2 5
+2 10
+1 25
+1 5
+24 10
+8 5
-8 40
+8 5
-8 5
+8 5
+89 5
-95 5
-1 5
1200 5
-8 5
+8 5
1086 5
1200 10
-8 15
-88 68
+6 10
+1 20
-8 328
+1 234
+60 6
+5 2
-1 2
+3 2
-1 2
-1 2
+1 2
+3 6
+1 4
+3 4
+4 8
+6 2
cfi=(36)
cfn=(130)
calls=2 50 
* 16
* 4
+1 2
-73 4
+1 2
1248 10
+1 15
+1 5
-6 10
+1 5
1121 50
+6 20
+1 10
-1 40
+8 10
+2 20
-1 10
+4 10
-4 10
-1 30
+1 10
+1 10
+1 10
+3 10
+4 10
-9 10
+2 10
+1 10
+1 10
+1 10
+4 10
+1 15
+5 35
+10 5
-10 35
+10 20
+92 15
+10 5
+3 35
+2 5
-2 5
+2 5
+14 5
+5 30
cfi=(25)
cfn=(68)
calls=5 81 
* 30
+4 5
-4 5
+4 10
+7 5
+1 5
-1 5
+1 5
+2 5
-3 5
+1 5
+2 5
+10 5
+35 30
+1 15
+2 20
+8 40
+6 5
+2 5
-2 5
+1 5
+2 5
-1 5
+1 5
-1 15
+8 10
+3 10
+11 35
cfi=(32)
cfn=(110)
calls=5 43 
* 817
+1 25
+5 10
+15 10
-74 50
+2 20
+2 40
cfi=(25)
cfn=(68)
calls=5 81 
* 30
* 10
-30 5
-1 25
cfi=(25)
cfn=(108)
calls=5 81 
* 25
* 5
1066 5
1412 20
+9 10
fi=(3)
38 5
fe=(21)
1421 5
fi=(3)
38 5
+6 5
-2 5
+2 10
+7 5
+5 5
+3 5
-7 114
+10 26
-18 78
+8 97
+10 97
-18 291
+18 5
-18 15
+2 256
+5 124
+2 20
+16 10
+20 17
+1 20
+1 20
+1 20
+2 20
+5 20
+1 19
+1 20
+6 15
+5 10
+7 10
+1 15
+16 15
+5 2
+2 2
-2 2
+2 2
+2 4
+2 4
+3 15
+10 1
-8 4
+8 1
+5 2
+3 10
fe=(21)
1427 10
+16 15
+19 10
+2 25
+55 15
+1 4
+3 4
cfi=(23)
cfn=(114)
calls=2 81 
* 10
* 6
cfi=(23)
cfn=(114)
calls=3 81 
* 15
* 10
+8 25
+3 15
+2 5
-2 5
+2 5
+16 10
cfi=(6)
cfn=(10)
calls=5 865 
* 125
+4 10
+1 10
+18 15
+8 5
-8 5
+3 10
+1 10
+4 5
+10 15
cfi=(13)
cfn=(44)
calls=5 33 
* 240
+4 15
+20 45
fi=(3)
56 20
+3 20
+1 5
+1 15
fe=(21)
1350 18
+1 6
+1 3
-1 6
+1 12
-1 6
+3 12
+43 16
cfi=(25)
cfn=(68)
calls=2 81 
* 12
+3 4
1531 10
+1 8

fn=(94) expand_dynamic_string_token
421 7
+10 1
-10 1
+10 1
-10 1
+10 1
cfi=(26) /build/buildd/eglibc-2.17/string/../sysdeps/x86_64/multiarch/../strchr.S
cfn=(70) index
calls=1 25 
* 43
* 2
161 2
cfi=(9)
cfn=(18)
calls=1 28 
* 81
* 1
+1 2
cfi=(15)
cfn=(36)
calls=1 -69 
* 29
+2 2
+3 2
446 3
167 1
446 3
167 1
cfi=(16)
cfn=(42)
calls=1 61 
* 47

fn=(96) open_verify
1867 120
+36 12
-36 24
+36 24
+21 48
cfi=(23)
cfn=(98)
calls=12 81 
* 88
+1 12
-1 12
+1 12
+10 5
+1 10
+5 30
cfi=(23)
cfn=(100)
calls=5 81 
* 25
+2 10
+2 10
+2 5
-2 5
+2 5
+6 10
+16 30
cfi=(12)
cfn=(26)
calls=5 315 
* 440
* 15
+2 5
-2 10
+4 25
cfi=(12)
cfn=(26)
calls=5 315 
* 400
-4 15
+75 10
+5 10
+2 15
+6 10
+7 5
+1 5
-1 20
+1 15
+1 5
+15 281
+2 93
+4 20
+1 10
+13 5
+1 5
+2 5
-3 5
+1 5
-1 5
+1 5
-2 5
+4 10
+5 2
+1 2
-13 8
cfi=(12)
cfn=(26)
calls=2 315 
* 144
* 20
cfi=(12)
cfn=(26)
calls=5 315 
* 385
* 14
+16 4
+6 2
-3 2
+1 2
+1 2
+1 4
+1 6
-4 2
+1 2
+1 2
-1 6
-1 2
+4 4
+5 7
+23 108
2000 6

fn=(120) open_path
2162 32
+1 4
-1 20
+7 4
-7 4
+1 4
+6 8
+5 12
+52 4
-59 4
-1 4
+60 4
-52 24
+12 4
-9 8
+9 4
+7 16
cfi=(24)
cfn=(66)
calls=4 61 
* 124
+1 4
-1 4
+1 16
+20 8
-20 51
+3 32
+4 7
-43 7
+43 7
-43 7
+43 28
cfi=(24)
cfn=(66)
calls=7 61 
* 127
* 28
cfi=(24)
cfn=(66)
calls=7 61 
* 197
* 7
+3 7
+3 14
+3 49
cfn=(96)
calls=7 1867 
* 287
* 7
+2 21
+26 12
+2 6
-46 12
+85 20
+7 4
-2 4
+2 12
+3 12
-13 8
-57 8
+1 36
+6 8
+2 12
-2 4
+2 4
cfi=(34) /build/buildd/eglibc-2.17/io/../sysdeps/unix/sysv/linux/wordsize-64/xstat.c
cfn=(122) _xstat
calls=4 36 
* 49
* 8
+1 4
-35 3
+37 6
+7 6
-7 1
+7 2
+65 36
-74 1
+4 2

fn=(60)
712 1
+15 2
-15 8
+15 3
cfi=(22)
cfn=(62)
calls=1 39 
* 346
+5 1
-5 1
+5 1
cfi=(15)
cfn=(36)
calls=1 93 
* 29
+1 1
-1 1
-1 1
+2 1
+8 1
-1 1
+1 1
-1 4
+5 2
cfi=(15)
cfn=(36)
calls=1 93 
* 53
+2 1
-2 1
-1 1
+3 1
+7 1
+10 1
+12 1
-9 1
-5 1
-51 1
+53 2
+12 2
-9 1
-56 3
+58 1
-58 1
+42 1
+12 1
-54 2
+57 1
-57 5
+62 24
+1 40
+2 8
-12 3
+12 6
-14 6
+2 3
+1 3
+2 3
+1 9
+4 3
-3 3
+3 3
-3 6
+7 1
+7 1
+4 1
-5 1
+6 2
+2 4
+2 3
+32 4
+8 3
cfi=(26)
cfn=(70)
calls=1 25 
* 25
* 2
+2 2
cfi=(9)
cfn=(18)
calls=1 28 
* 73
* 8
cfi=(16)
cfn=(42)
calls=1 61 
* 31
* 1
+17 5
+2 1
+1 3
+1 1
-4 3
+2 13
+1 39
+1 13
-4 40
+8 1
cfi=(15)
cfn=(36)
calls=1 93 
* 29
+1 1
-2 1
+2 1
+6 7
cfn=(72) fillin_rpath
calls=1 491 
* 490
+4 3
+6 1
+4 8
-72 1
-2 1
+2 2
+11 2

fn=(72)
491 7
+2 1
-2 7
+4 3
cfi=(15)
cfn=(74)
calls=1 338 
* 237
* 3
cfi=(15)
cfn=(74)
calls=1 338 
* 6
* 6
+3 2
cfi=(9)
cfn=(18)
calls=1 28 
* 44
+4 1
-4 1
+4 1
+7 4
+8 1
-3 2
+3 2
+4 17
+1 8
+18 2
+4 2
-1 1
+2 1
-1 1
-1 2
cfi=(15)
cfn=(36)
calls=1 93 
* 29
+3 1
-3 1
+3 3
+5 1
+1 2
-2 1
+2 2
cfi=(24)
cfn=(66)
calls=1 61 
* 31
+3 1
-3 1
+1 1
+2 2
+6 4
+1 4
-73 11
+74 10
+3 1
-1 2
+1 1
+7 1
+1 1
+3 3
-37 2
+42 1
+3 9
-14 2

fn=(90)
2311 88
+7 11
-7 22
+7 11
+1 22
+3 99
+12 82
-12 123
+5 141
+1 94
+2 141
cfi=(30)
cfn=(92)
calls=47 304 
* 2989
* 94
2608 99
2356 15
+11 30
+26 10
-2 5
+2 5
cfi=(26)
cfn=(70)
calls=5 25 
* 137
* 10
2539 6
cfn=(94)
calls=1 421 
* 231
+1 1
-3 1
+4 1
-1 2
+4 6
cfn=(96)
calls=1 1867 
* 447
+3 1
-3 1
+3 1
+12 20
+2 10
+44 5
+1 40
-1 5
+1 15
cfn=(102)
calls=5 917 
* 8103
* 10
2393 4
+4 8
cfi=(9)
cfn=(18)
calls=4 28 
* 244
* 4
+2 4
-2 4
+2 4
+7 16
+35 8
+1 60
cfn=(120)
calls=4 2162 
* 1479
* 12
+6 20
+83 8
2430 16
695 3
2451 4
+6 16
+2 12
+4 8
cfi=(35)
cfn=(124) _dl_load_cache_lookup
calls=4 182 
* 4446
+2 4
-2 4
+2 4
+5 12
+8 8
+27 36
cfn=(96)
calls=4 1867 
* 1958
+3 4
-3 4
+3 4
161 8
cfi=(9)
cfn=(18)
calls=4 28 
* 346
* 4
+1 12
cfi=(15)
cfn=(36)
calls=4 -69 
* 116
+2 12
+3 12
cfi=(16)
cfn=(42)
calls=4 61 
* 310
2511 4
-1 4
+1 4
-63 8
689 4
2449 4
689 8
+3 2
2431 28
689 12
2410 4
+8 16
-7 16
-1 8
+5 15
689 5
2416 5
689 10
+3 2
+3 3
+3 2
2335 123
+3 22
+2 22
-1 44
+1 22
cfi=(17)
cfn=(50)
calls=22 134 
* 483
* 44
698 2

fl=(35)
fn=(128) _dl_cache_libcmp
139 74
+1 84
+2 416
+2 416
-2 208
+2 10
+6 5
+2 5
-2 5
+1 10
+1 20
+2 25
+2 10
+6 406
+2 577
+5 171
-1 171
-28 342
+32 15
-7 64

fn=(244)
309 4
-1 1
+3 2
cfi=(25)
cfn=(246)
calls=1 81 
* 5
+1 1
+2 2

fn=(124)
182 32
+8 8
+3 12
+45 9
+6 12
+9 4
+6 8
-6 12
+6 4
cfi=(23)
cfn=(64)
calls=4 81 
* 36
* 4
+19 4
-15 4
+15 4
-15 8
+15 4
-15 4
+15 545
cfn=(128)
calls=32 139 
* 2522
* 114
-82 4
cfi=(30)
cfn=(126) _dl_sysdep_read_whole_file
calls=1 43 
* 67
+8 1
-8 1
+8 4
+1 5
cfi=(12)
cfn=(26)
calls=1 315 
* 112
* 3
+7 1
-3 1
+3 3
+3 1
+1 2
-1 1
+1 1
+1 3
cfi=(12)
cfn=(26)
calls=1 +98 
* 108
* 3
+82 36
-21 44
-97 1
+97 20
cfn=(128)
calls=5 139 
* 512
* 14
-14 16
+14 4
-14 8
-1 12
+15 84
+16 8
-16 16

fl=(19)
fn=(56)
45 7
+2 3
+85 8
-45 2
cfi=(20)
cfn=(58)
calls=1 -6 
* 5
* 1
+15 1
-15 1
+20 1
-1 1
+3 12
+4 3
-2 6
+2 9
+7 3
-1 3
+4 3
-2 3
+2 10
+5 2

fl=(27)
fn=(76)
51 14
+5 12
+5 2
-1 1
+1 3
+1 3
-10 7
+4 14
+4 1
-1 1
-59 7

fn=(78)
75 2

fl=(6)
fn=(10)
865 21
+4 7
+4 14
+2 7
-1 7
+3 21
+5 7
-4 7
+1 14
+2 7
+1 7
+4 14
-7 7
+5 7
+1 7
+1 14
+1 7

fn=(160)
716 14256
477 1296
716 3888
477 6480
+1 1296
-1 1296
+1 3888
-1 3888
+1 48692
-1 48692
+1 146076
-1 147372
718 1296
+4 1296
+4 1296
-8 1296
+1 2592
+7 3844
+5 1296
+2 2592
-2 1296
+6 12960
+8 20
-8 80
+2 16848
cfn=(162) do_lookup_x
calls=1296 82 
* 531370
+3 3888
-12 2592
+40 2592
+24 1276
+1 10208
+35 5104
+14 3828
+3 5104
+5 1276
+2 11664
-9 2
-55 20
+1 40
-19 140

fn=(162)
82 12960
+1 1296
-6 1296
+5 2592
-5 9072
+12 1296
233 1296
-3 2592
+3 1296
98 1296
-3 1296
+1 1296
+2 1296
+3 1296
-3 1296
+3 1296
-3 2892
-3 2892
+1 2892
+2 2892
+3 2892
-3 2892
+3 2892
+4 8388
+4 8372
+4 8372
+7 12558
+4 12558
+1 12558
226 4186
+1 8372
+4 4186
+3 4186
-3 4186
-2 4186
+8 12558
-3 16744
+4 8372
-1 8372
+21 2910
+24 5820
462 17016
+1 640
cfi=(30)
cfn=(92)
calls=128 304 
* 6368
* 768
+3 8736
+3 20
+1 10368
287 6580
+4 3872
+13 1226
+1 2452
+1 2452
-2 50
+1 100
+1 150
+27 50
-1 300
+3 100
cfi=(2)
cfn=(46)
calls=50 843 
* 100
+2 50
+1 50
-1 50
+1 50
+1 50
-2 50
+2 50
+2 98
+1 49
-1 49
+1 49
77 98
342 49
-1 49
+1 147
+4 49
77 147
346 49
77 98
345 147
77 46
345 138
+20 326
+4 258
-24 30
+1 30
-1 155
+1 95
-1 190
+25 138
+3 441
+5 6
+2 4
cfi=(30)
cfn=(236) _dl_higher_prime_number
calls=2 -20 
* 144
+1 4
-1 2
+1 2
cfi=(15)
cfn=(32)
calls=2 102 
* 100
+2 2
-2 2
+2 4
+7 8
77 12
391 276
+1 70
-75 70
+75 140
-75 210
+1 70
-1 70
+1 210
77 140
319 140
77 140
319 160
77 20
319 26
+2 26
+1 26
+1 20
+84 3
+9 3
+10 3
cfi=(15)
cfn=(32)
calls=1 102 
* 38
+1 1
-1 1
+1 1
+3 1
+2 1
-7 1
+5 1
+2 1
-1 1
+1 2
+4 3
-1 2
+1 147
-1 98
+13 100
+2 100
cfi=(2)
cfn=(48)
calls=50 849 
* 100
* 50
+2 50
317 100
440 50
317 150
+1 50
-1 50
+1 150
77 100
319 100
77 100
319 50
77 50
319 136
77 86
319 43
77 43
319 71
77 28
319 28
+2 142
+1 142
+1 86
+3 50
+1 50
+1 50
+1 50
-1 50
443 200
326 70
+1 70
+1 70
+1 140
+61 140
-61 22
+61 46
+6 4
-16 2
+16 2
cfi=(15)
cfn=(238)
calls=2 121 
* 12
+1 2
+3 4
-3 2
+2 2
+1 4
241 5612
-1 2806
+2 2806
+2 5512
+10 7404
-7 18720
+2 2554
+1 1277
-1 1277
+1 6385
-1 3831
77 1277
250 3831
cfn=(164) check_match.9346
calls=1277 132 
* 179009
+1 8941

fn=(164)
132 7662
+1 1277
-1 1277
+1 1277
+2 2554
+2 3831
-2 2554
+12 3828
+3 2728
cfi=(17)
cfn=(50)
calls=44 -16 
* 4421
* 88
+5 1276
-1 1276
+1 1276
-1 1276
+1 1276
+2 2548
+19 2548
+1 10192
+46 8939
-18 4
+2 4
+1 6
-1 4
+1 2
-1 4
+9 2
-38 3822
cfi=(17)
cfn=(50)
calls=1274 -44 
* 110509
* 2548

fl=(40)
fn=(154)
154 70
+15 7
-15 14
+15 7
+1 35
+6 14
+6 21
-18 14
+22 14
+8 14
-33 7
+78 7
fi=(5)
71 7
fe=(40)
239 14
fi=(5)
71 21
fe=(40)
265 318
152 12
+13 24
-13 6
265 6
fi=(4)
58 6
fe=(40)
265 6
fi=(4)
48 6
-1 12
+11 12
fe=(40)
+94 2
+13 4
-13 1
265 1
fi=(4)
58 1
fe=(40)
265 1
fi=(4)
48 1
-1 2
+11 2
fe=(40)
265 7
fi=(4)
58 7
fe=(40)
265 7
fi=(4)
48 7
-1 14
+11 14
+3 24
fi=(5)
485 1540
+4 1540
+2 2310
+1 770
fi=(4)
61 2361
+2 2367
+2 61
-4 6
+13 12
+1 10
+1 38
fi=(5)
485 19
+24 19
fi=(4)
75 19
fi=(5)
509 19
+2 19
cob=(4)
cfi=(54) /build/buildd/eglibc-2.17/math/../sysdeps/x86_64/fpu/multiarch/s_sin.c
cfn=(232) sin
calls=1 24 
* 15
cob=(4)
cfi=(63) /build/buildd/eglibc-2.17/math/../sysdeps/x86_64/fpu/multiarch/e_atan2.c
cfn=(228) __atan2_finite
calls=1 15 
* 15
cob=(4)
cfi=(60) /build/buildd/eglibc-2.17/math/../sysdeps/x86_64/fpu/multiarch/e_asin.c
cfn=(226) __asin_finite
calls=1 14 
* 12
cob=(4)
cfi=(62) /build/buildd/eglibc-2.17/math/../sysdeps/x86_64/fpu/multiarch/s_floor.S
cfn=(224) floor
calls=1 25 
* 11
cob=(4)
cfi=(61) /build/buildd/eglibc-2.17/math/../sysdeps/x86_64/fpu/multiarch/s_floorf.S
cfn=(222) floorf
calls=1 25 
* 11
cob=(4)
cfi=(60)
cfn=(220) __acos_finite
calls=1 10 
* 12
cob=(4)
cfi=(59) /build/buildd/eglibc-2.17/math/../sysdeps/x86_64/fpu/multiarch/s_rintf.S
cfn=(218) rintf
calls=1 25 
* 11
cob=(4)
cfi=(57) /build/buildd/eglibc-2.17/math/../sysdeps/x86_64/fpu/multiarch/e_log.c
cfn=(214) __log_finite
calls=1 15 
* 15
cob=(4)
cfi=(56) /build/buildd/eglibc-2.17/math/../sysdeps/x86_64/fpu/multiarch/e_pow.c
cfn=(212) __pow_finite
calls=1 8 
* 12
cob=(4)
cfi=(55) /build/buildd/eglibc-2.17/math/../sysdeps/x86_64/fpu/multiarch/s_rint.S
cfn=(210) rint
calls=1 25 
* 11
cob=(4)
cfi=(54)
cfn=(208) cos
calls=1 20 
* 15
cob=(4)
cfi=(51) /build/buildd/eglibc-2.17/math/../sysdeps/x86_64/fpu/multiarch/e_exp.c
cfn=(192) __exp_finite
calls=1 15 
* 1258
cob=(3)
cfi=(49) /build/buildd/eglibc-2.17/string/../sysdeps/x86_64/multiarch/memmove.c
cfn=(186) memcpy@GLIBC_2.2.5
calls=1 49 
* 13
cob=(3)
cfi=(48) /build/buildd/eglibc-2.17/time/../sysdeps/unix/sysv/linux/x86_64/gettimeofday.c
cfn=(182) gettimeofday
calls=1 31 
* 67
cob=(3)
cfi=(47) /build/buildd/eglibc-2.17/string/../sysdeps/x86_64/multiarch/memset.S
cfn=(180) memset
calls=1 27 
* 7
cob=(3)
cfi=(41)
cfn=(178) strncasecmp
calls=1 129 
* 6
cob=(3)
cfi=(46) /build/buildd/eglibc-2.17/string/../sysdeps/x86_64/multiarch/strnlen.S
cfn=(176) strnlen
calls=1 30 
* 6
cob=(3)
cfi=(43) /build/buildd/eglibc-2.17/time/../sysdeps/unix/sysv/linux/x86_64/time.c
cfn=(170) time
calls=1 37 
* 67
cob=(3)
cfi=(41)
cfn=(166) strcasecmp
calls=1 105 
* 81
fi=(4)
75 19
fi=(5)
512 19
fi=(4)
75 23
fe=(40)
265 6
fi=(4)
75 12
fe=(40)
265 36
+3 21
+28 7
+3 14
+17 21
+2 56
fi=(4)
84 8
+2 16
+12 8
-15 8
+15 8
-15 8
+15 8
+10 12
+3 17
fi=(5)
469 5
fi=(4)
112 10
fi=(5)
469 1790
fi=(4)
112 3560
fi=(5)
469 3560
+5 3570
+1 3570
fi=(4)
111 3570
fi=(5)
475 1785
fi=(4)
111 1785
+7 24
+3 7
+3 7
-3 7
+3 13
fi=(5)
402 6
fi=(4)
124 6
fi=(5)
402 24
fi=(4)
127 8904
+9 4452
+1 2226
+2 4452
fi=(5)
244 2226
fi=(4)
138 2226
-2 2226
+1 6678
fi=(5)
244 2226
+21 4452
+4 4452
+7 31473
fi=(4)
137 1207
+1 1207
fi=(5)
276 2414
fi=(4)
137 1207
fi=(5)
276 3657
fi=(4)
137 9
+1 9
fi=(5)
276 18
fi=(4)
137 9
fi=(5)
276 3819
cfi=(6)
cfn=(160)
calls=16 716 
* 9952
* 9600
cfi=(6)
cfn=(160)
calls=1200 716 
* 972599
* 4864
+2 6642
+3 2210
-3 4420
+3 6630
+6 4452
fe=(40)
183 14
+82 5
fi=(5)
77 12
+4 18
+14 6
-8 6
+8 12
+13 12
+3 24
fi=(4)
+13 24
+19 12
fi=(5)
276 36
+11 8904
395 2207
fi=(4)
124 4414
fi=(5)
395 2207
fi=(4)
124 2212
fi=(5)
276 16
fi=(4)
108 3
fe=(40)
324 14
+1 7
+1 7
-1 7
-1 14
+2 7
+3 14
+1 21
cfi=(25)
cfn=(108)
calls=7 81 
* 35
* 14
fi=(5)
431 6
+4 12
cfi=(16)
cfn=(42)
calls=2 61 
* 196
+2 6
+1 2
-71 33
+4 44
+5 22
fi=(4)
124 11
fi=(5)
376 22
fi=(4)
124 22
fi=(5)
313 6
+2 4
fi=(4)
124 2
fi=(5)
315 2
fi=(4)
124 4
fi=(5)
305 8
+1 4
fi=(4)
124 4
fi=(5)
306 4
fi=(4)
124 22
+36 8
+2 20
+8 10
+1 5
-1 5
+1 5
fi=(5)
+73 5
fi=(4)
-74 10
fi=(5)
+74 5
+21 10
+4 10
+7 130
cfi=(6)
cfn=(160)
calls=5 716 
* 3230
* 20
+2 15
+3 1
-3 2
+3 3
+6 30
-11 40
395 15
fi=(4)
160 15
+14 4
fi=(5)
276 21954
fe=(40)

fl=(34)
fn=(122)
36 4
-1 4
+1 4
+1 24
+4 1
-4 12

fl=(52) /build/buildd/eglibc-2.17/elf/../sysdeps/x86_64/dl-trampoline.S
fn=(200) _dl_runtime_resolve
34 75
+2 75
+1 75
+1 75
+1 75
+1 75
+1 75
+1 75
+1 75
+1 75
+1 75
cfi=(53)
cfn=(202)
calls=75 +23 
* 73392
+1 75
+1 75
+1 75
+1 75
+1 75
+1 75
+1 75
+1 75
+1 75
+2 75

fl=(30)
fn=(92)
304 1130
+1 452
cfi=(17)
cfn=(50)
calls=226 134 
* 1589
* 226
+1 226
-1 226
+3 226
+2 452
+4 223
-4 446
+1 717
cfi=(17)
cfn=(50)
calls=239 134 
* 4925
* 478
-5 16
+11 290
-1 210
+1 840

fn=(126)
43 2
+7 1
-7 4
+7 1
-7 1
+7 1
cfi=(23)
cfn=(98)
calls=1 +31 
* 5
+1 1
-1 1
-6 1
+7 1
+2 4
cfi=(31)
cfn=(106)
calls=1 -17 
* 10
* 2
+2 1
+3 1
-3 1
+3 1
+13 2
cfi=(23)
cfn=(114)
calls=1 +10 
* 5
+3 7
-14 6
cfi=(25)
cfn=(68)
calls=1 +21 
* 6
* 2

fn=(236)
360 2
+1 4
+6 1
-4 2
+2 32
+1 12
-3 7
+3 7
-3 7
+2 42
+1 18
+1 2
-4 4
+18 2
+1 2

fl=(8)
fn=(14)
28 1
+3 6
+8 1
-6 2
+7 1

fl=(33)
fn=(118)
60 20
+7 10
-4 30
+1 10
-1 10
+1 10
-1 50
cfi=(21)
cfn=(90)
calls=10 2311 
* 20875
* 10
+5 20

fn=(116)
147 1
+1 1
-1 2
+1 1
-1 1
+1 1
-1 1
+1 2
-1 5
+1 1
-1 1
+1 2
+16 1
-16 1
+14 1
+1 1
+1 1
+6 3
+10 1
-10 1
+10 1
-36 5
+20 1
-2 1
+19 1
-17 3
-2 1
+2 1
-2 1
+1 1
+1 1
+6 3
+10 1
-10 1
+10 6
+4 1
+21 1
+1 1
-22 2
+19 1
-12 1
+15 1
-16 1
+13 1
+8 1
+8 1
-4 1
+4 1
-8 6
+8 6
-4 6
+4 6
+12 14
+2 5
+11 5
-4 5
+1 5
-2 5
-6 5
+7 5
+1 5
-8 5
+5 5
+6 35
+50 20
+1 21
-51 532
+1 266
+6 50
cfi=(26)
cfn=(70)
calls=10 25 
* 304
* 20
+5 50
-3 10
+3 10
cfi=(28)
cfn=(82)
calls=10 -97 
* 21625
+2 30
+15 10
+2 20
+5 5
+6 5
+2 5
-8 10
+5 5
-2 5
+1 5
+2 5
+4 30
-59 8
-19 2
475 14
+2 15
+3 10
-1 5
cfi=(15)
cfn=(36)
calls=5 93 
* 145
+2 5
-2 5
+2 5
+3 5
+1 20
+1 5
-1 10
cfi=(16)
cfn=(42)
calls=5 61 
* 129
+1 20
cfi=(16)
cfn=(42)
calls=5 61 
* 129
+4 5
-1 5
+5 35
+2 7
+1 62
219 14
+1 32
+2 5
+2 15
+2 26
-22 1
501 6
+1 2
+3 5
+11 3
-1 1
cfi=(15)
cfn=(36)
calls=1 93 
* 29
+3 1
-3 1
+3 1
+5 7
+1 8
+8 4
+4 2
-10 3
-2 6
+8 24
+4 12
-10 19
+13 2
+51 6
+2 3
+43 2
+1 1
-1 4
+1 3
cfi=(32)
cfn=(110)
calls=1 43 
* 19
* 2
-2 8
+6 1
+7 1
-6 2
+6 1
-7 6
+7 6
-6 12
+6 18
+2 24
+1 12
-1 44
+1 28
+3 75
-1 105
+23 16
-28 32
+31 18
+3 50
cfi=(32)
cfn=(110)
calls=5 43 
* 87
* 25
-24 11
cfi=(37)
cfn=(132)
calls=1 48 
* 63
+4 3
-2 1
+2 7
+2 3
+25 2
+2 1
+1 1
-1 1
+9 2
+3 2
+3 8
-37 3
-1 1
+1 1
cfi=(37)
cfn=(132)
calls=1 48 
* 33
+2 1
+2 2
-2 1
+2 1
297 369
628 6
cfi=(16)
cfn=(42)
calls=1 61 
* 51
+2 3

fl=(16)
fn=(42)
61 26
+2 26
+2 26
+3 26
+1 26
+2 4
+1 4
+2 4
+1 4
+5 4
+1 4
-1 22
+1 22
+2 9
+1 9
+2 9
+1 18
+5 9
+1 9
-1 17
+1 17
+2 7
+1 7
+2 7
+1 7
+5 7
+1 7
-1 19
+1 19
+2 15
+1 15
+2 15
+1 15
+5 15
+1 15
-1 11
+1 25
+5 14
+1 14
+1 14
+1 14
+2 14
+2 14
+1 14
+2 14
+8 26
+8 12
+6 12
+2 12
+1 12
+3 5
+1 10
+5 5
+1 5
+2 5
+2 5
+1 5
+2 5
-8 15
+1 15
+2 15
+2 15
+1 15
+2 20
+9 5
+1 5
-1 7
+1 7
+3 12
+1 12
+1 12
+5 12
+2 12
+1 12
+1 12
+1 12
+2 12
+1 12
+1 12
+1 12
+2 12
+1 12
+2 12
+2 5
+2 5
+1 5
+1 5
+1 5
+2 5
+1 5
+1 5
+1 5
+2 5
+1 5
+2 7
+5 2
+6 2
+1 2
-7 10
+6 10
+1 10

fl=(26)
fn=(70)
25 17
+1 17
+1 17
+1 17
+1 17
+1 17
+1 17
+1 17
+1 17
+1 17
+1 17
+1 17
+1 17
+1 17
+1 17
+1 17
+1 17
+1 17
+1 17
+1 17
+1 17
+2 9
+1 9
+1 9
+1 9
+1 9
+1 9
+1 9
+1 9
+1 9
+2 17
+1 17
+1 1
+1 1
+1 1
+1 1
+1 16
+1 17

fl=(29)
fn=(86)
26 11
+9 11
+1 22
+1 11
+4 11
+1 11
+1 11
+1 11
+1 11
+2 22
+2 11
+1 11
+3 22
+2 11
+4 11
+1 11

ob=(6)
fl=(78)
fn=(318)
0 17

fn=(1048)
0 8
cob=(3)
cfi=(112) /build/buildd/eglibc-2.17/stdlib/cxa_finalize.c
cfn=(1002) __cxa_finalize
calls=1 30 
0 70
cob=(1)
cfi=(52)
cfn=(200)
calls=1 34 
0 1153
0 1
cfn=(1062) 0x0000000000002ab0
calls=1 0 
0 9
0 3

fn=(1062)
0 9

ob=(7)
fl=(79)
fn=(506) std::locale::locale()
0 154
cfn=(508) 0x0000000000070a70
calls=22 0 
0 55731
0 330

fn=(540) 0x000000000006e9a0
0 4
cfn=(546) std::locale::facet::_S_create_c_locale(__locale_struct*&, char const*, __locale_struct*)
calls=1 0 
0 1163
cob=(1)
cfi=(52)
cfn=(200)
calls=1 34 
0 1086

fn=(618) std::ctype<wchar_t>::_M_initialize_ctype()
0 9
cob=(3)
cfi=(84) /build/buildd/eglibc-2.17/locale/uselocale.c
cfn=(624) uselocale
calls=1 31 
0 21
cob=(1)
cfi=(52)
cfn=(200)
calls=1 34 
0 1102
0 770
cob=(3)
cfi=(85) /build/buildd/eglibc-2.17/wcsmbs/wctob.c
cfn=(630) wctob
calls=128 32 
0 2176
cob=(1)
cfi=(52)
cfn=(200)
calls=1 34 
0 1026
0 260
cob=(3)
cfi=(86) /build/buildd/eglibc-2.17/wcsmbs/btowc.c
cfn=(636) btowc
calls=1 39 
0 19
cob=(1)
cfi=(52)
cfn=(200)
calls=1 34 
0 1009
0 510
cob=(3)
cfi=(86)
cfn=(636)
calls=255 39 
0 9197
0 1067
cfn=(648) std::ctype<wchar_t>::_M_convert_to_wmask(unsigned short) const
calls=8 0 
0 2694
cob=(1)
cfi=(52)
cfn=(200)
calls=1 34 
0 878
0 16
cfn=(648)
calls=4 0 
0 1133
0 123
cob=(3)
cfi=(84)
cfn=(624)
calls=1 31 
0 21
0 2

fn=(734) std::locale::~locale()
0 96

fn=(754) __cxxabiv1::__vmi_class_type_info::__do_dyncast(long, __cxxabiv1::__class_type_info::__sub_kind, __cxxabiv1::__class_type_info const*, void const*, __cxxabiv1::__class_type_info const*, void const*, __cxxabiv1::__class_type_info::__dyncast_result&) const
0 440
cob=(3)
cfi=(94) /build/buildd/eglibc-2.17/string/../sysdeps/x86_64/multiarch/strcmp-sse42.S
cfn=(764) __strcmp_sse42
calls=8 130 
0 176
cob=(1)
cfi=(52)
cfn=(200)
calls=1 34 
0 1042
0 24

fn=(784) std::num_put<char, std::ostreambuf_iterator<char, std::char_traits<char> > > const& std::use_facet<std::num_put<char, std::ostreambuf_iterator<char, std::char_traits<char> > > >(std::locale const&)
0 16
cfn=(564) std::locale::id::_M_id() const
calls=4 0 
0 20
0 44
cfn=(752) __dynamic_cast
calls=4 0 
0 308
0 16

fn=(820) std::ctype<wchar_t> const& std::use_facet<std::ctype<wchar_t> >(std::locale const&)
0 16
cfn=(564)
calls=4 0 
0 20
0 44
cfn=(752)
calls=4 0 
0 308
0 16

fn=(838) bool std::has_facet<std::num_get<wchar_t, std::istreambuf_iterator<wchar_t, std::char_traits<wchar_t> > > >(std::locale const&)
0 16
cfn=(564)
calls=4 0 
0 20
0 52
cfn=(752)
calls=4 0 
0 308
0 16

fn=(358) std::error_category::error_category()
0 12

fn=(594) std::__timepunct<char>::__timepunct(std::__timepunct_cache<char>*, unsigned long)
0 14
cfn=(526) std::locale::facet::_S_get_c_name()
calls=1 0 
0 2
0 4
cfn=(600) std::__timepunct<char>::_M_initialize_timepunct(__locale_struct*)
calls=1 0 
0 116
cob=(1)
cfi=(52)
cfn=(200)
calls=1 34 
0 1086
0 4

fn=(722) std::ios_base::_M_init()
0 64
cfn=(506)
calls=8 0 
0 240
0 24
cfn=(728) std::locale::operator=(std::locale const&)
calls=8 0 
0 136
cob=(1)
cfi=(52)
cfn=(200)
calls=1 34 
0 766
0 16
cfn=(734)
calls=8 0 
0 96
cob=(1)
cfi=(52)
cfn=(200)
calls=1 34 
0 726
0 24

fn=(884) std::basic_ostream<char, std::char_traits<char> >& std::__ostream_insert<char, std::char_traits<char> >(std::basic_ostream<char, std::char_traits<char> >&, char const*, long)
0 78
cfn=(890) std::ostream::sentry::sentry(std::ostream&)
calls=6 0 
0 138
cob=(1)
cfi=(52)
cfn=(200)
calls=1 34 
0 765
0 192
cfn=(892) __gnu_cxx::stdio_sync_filebuf<char, std::char_traits<char> >::xsputn(char const*, long)
calls=6 0 
0 2102
0 24

fn=(1032) std::error_category::~error_category()
0 12

fn=(1040) 0x000000000005c1f0
0 9

fn=(526)
0 10

fn=(710) std::ios_base::ios_base()
0 472
cfn=(506)
calls=8 0 
0 240

fn=(746) bool std::has_facet<std::ctype<char> >(std::locale const&)
0 16
cfn=(564)
calls=4 0 
0 20
0 52
cfn=(752)
calls=4 0 
0 1530
cob=(1)
cfi=(52)
cfn=(200)
calls=1 34 
0 687
0 16

fn=(776) bool std::has_facet<std::num_put<char, std::ostreambuf_iterator<char, std::char_traits<char> > > >(std::locale const&)
0 16
cfn=(564)
calls=4 0 
0 20
0 52
cfn=(752)
calls=4 0 
0 308
0 16

fn=(808) std::basic_ios<wchar_t, std::char_traits<wchar_t> >::_M_cache_locale(std::locale const&)
0 28
cfn=(814) bool std::has_facet<std::ctype<wchar_t> >(std::locale const&)
calls=4 0 
0 412
cob=(1)
cfi=(52)
cfn=(200)
calls=1 34 
0 885
0 16
cfn=(820)
calls=4 0 
0 404
cob=(1)
cfi=(52)
cfn=(200)
calls=1 34 
0 901
0 12
cfn=(826) bool std::has_facet<std::num_put<wchar_t, std::ostreambuf_iterator<wchar_t, std::char_traits<wchar_t> > > >(std::locale const&)
calls=4 0 
0 412
cob=(1)
cfi=(52)
cfn=(200)
calls=1 34 
0 1245
0 16
cfn=(832) std::num_put<wchar_t, std::ostreambuf_iterator<wchar_t, std::char_traits<wchar_t> > > const& std::use_facet<std::num_put<wchar_t, std::ostreambuf_iterator<wchar_t, std::char_traits<wchar_t> > > >(std::locale const&)
calls=4 0 
0 404
cob=(1)
cfi=(52)
cfn=(200)
calls=1 34 
0 1301
0 12
cfn=(838)
calls=4 0 
0 412
cob=(1)
cfi=(52)
cfn=(200)
calls=1 34 
0 1253
0 16
cfn=(844) std::num_get<wchar_t, std::istreambuf_iterator<wchar_t, std::char_traits<wchar_t> > > const& std::use_facet<std::num_get<wchar_t, std::istreambuf_iterator<wchar_t, std::char_traits<wchar_t> > > >(std::locale const&)
calls=4 0 
0 404
cob=(1)
cfi=(52)
cfn=(200)
calls=1 34 
0 1301
0 20

fn=(870) std::basic_ostream<char, std::char_traits<char> >& std::operator<< <std::char_traits<char> >(std::basic_ostream<char, std::char_traits<char> >&, char const*)
0 54
cob=(3)
cfi=(99) /build/buildd/eglibc-2.17/string/../sysdeps/x86_64/multiarch/strlen-sse2-pminub.S
cfn=(878) __strlen_sse2_pminub
calls=6 32 
0 177
cob=(1)
cfi=(52)
cfn=(200)
calls=1 34 
0 1036
0 24
cfn=(884)
calls=6 0 
0 3299
cob=(1)
cfi=(52)
cfn=(200)
calls=1 34 
0 1211
0 30

fn=(890)
0 138

fn=(972) __gnu_cxx::stdio_sync_filebuf<wchar_t, std::char_traits<wchar_t> >::sync()
0 6
cob=(3)
cfi=(109) /build/buildd/eglibc-2.17/libio/iofflush.c
cfn=(952) fflush
calls=3 34 
0 156

fn=(1026) 0x00000000000b2510
0 3
cfn=(1032)
calls=1 0 
0 4
cob=(1)
cfi=(52)
cfn=(200)
calls=1 34 
0 795

fn=(430)
0 49

fn=(500) std::ios_base::Init::Init()
0 35
cfn=(506)
calls=1 0 
0 55585
cob=(1)
cfi=(52)
cfn=(200)
calls=1 34 
0 710
0 16
cfn=(506)
calls=1 0 
0 30
0 14
cfn=(506)
calls=1 0 
0 30
0 6
cfn=(710)
calls=1 0 
0 89
cob=(1)
cfi=(52)
cfn=(200)
calls=1 34 
0 718
0 15
cfn=(716) std::basic_ios<char, std::char_traits<char> >::init(std::basic_streambuf<char, std::char_traits<char> >*)
calls=1 0 
0 12831
cob=(1)
cfi=(52)
cfn=(200)
calls=1 34 
0 1117
0 3
cfn=(710)
calls=1 0 
0 89
0 16
cfn=(716)
calls=1 0 
0 829
0 3
cfn=(710)
calls=1 0 
0 89
0 14
cfn=(716)
calls=1 0 
0 829
0 3
cfn=(710)
calls=1 0 
0 89
0 14
cfn=(716)
calls=1 0 
0 829
0 16
cfn=(506)
calls=1 0 
0 30
0 16
cfn=(506)
calls=1 0 
0 30
0 14
cfn=(506)
calls=1 0 
0 30
0 6
cfn=(710)
calls=1 0 
0 89
0 15
cfn=(802) std::basic_ios<wchar_t, std::char_traits<wchar_t> >::init(std::basic_streambuf<wchar_t, std::char_traits<wchar_t> >*)
calls=1 0 
0 8718
cob=(1)
cfi=(52)
cfn=(200)
calls=1 34 
0 1133
0 3
cfn=(710)
calls=1 0 
0 89
0 16
cfn=(802)
calls=1 0 
0 739
0 3
cfn=(710)
calls=1 0 
0 89
0 14
cfn=(802)
calls=1 0 
0 739
0 3
cfn=(710)
calls=1 0 
0 89
0 14
cfn=(802)
calls=1 0 
0 739
0 11

fn=(508)
0 4
cfn=(520) std::locale::_Impl::_Impl(unsigned long)
calls=1 0 
0 54794
cob=(1)
cfi=(52)
cfn=(200)
calls=1 34 
0 750
0 183

fn=(716)
0 24
cfn=(722)
calls=4 0 
0 1792
cob=(1)
cfi=(52)
cfn=(200)
calls=1 34 
0 798
0 12
cfn=(740) std::basic_ios<char, std::char_traits<char> >::_M_cache_locale(std::locale const&)
calls=4 0 
0 11539
cob=(1)
cfi=(52)
cfn=(200)
calls=1 34 
0 1101
0 52

fn=(728)
0 136

fn=(938) std::ios_base::Init::~Init()
0 7
cfn=(944) std::ostream::flush()
calls=1 0 
0 1254
cob=(1)
cfi=(52)
cfn=(200)
calls=1 34 
0 677
0 2
cfn=(944)
calls=1 0 
0 68
0 2
cfn=(944)
calls=1 0 
0 68
0 2
cfn=(970) std::basic_ostream<wchar_t, std::char_traits<wchar_t> >::flush()
calls=1 0 
0 68
cob=(1)
cfi=(52)
cfn=(200)
calls=1 34 
0 965
0 2
cfn=(970)
calls=1 0 
0 68
0 2
cfn=(970)
calls=1 0 
0 68
0 7

fn=(330)
0 17

fn=(346) std::future_category()
0 5
cfn=(352) __cxa_guard_acquire
calls=1 0 
0 24
cob=(1)
cfi=(52)
cfn=(200)
calls=1 34 
0 751
0 4
cfn=(358)
calls=1 0 
0 4
cob=(1)
cfi=(52)
cfn=(200)
calls=1 34 
0 803
0 4
cfn=(364) __cxa_guard_release
calls=1 0 
0 5
cob=(1)
cfi=(52)
cfn=(200)
calls=1 34 
0 727
0 4
cob=(3)
cfi=(80) /build/buildd/eglibc-2.17/stdlib/cxa_atexit.c
cfn=(370) __cxa_atexit
calls=1 56 
0 62
cob=(1)
cfi=(52)
cfn=(200)
calls=1 34 
0 1123
0 3

fn=(376)
0 6

fn=(520)
0 218
cfn=(526)
calls=1 0 
0 2
cob=(1)
cfi=(52)
cfn=(200)
calls=1 34 
0 868
0 64
cfn=(532) std::ctype<char>::ctype(unsigned short const*, bool, unsigned long)
calls=1 0 
0 3300
cob=(1)
cfi=(52)
cfn=(200)
calls=1 34 
0 742
0 4
cfn=(558) std::locale::_Impl::_M_install_facet(std::locale::id const*, std::locale::facet const*)
calls=1 0 
0 1046
cob=(1)
cfi=(52)
cfn=(200)
calls=1 34 
0 1062
0 3
cfn=(570) std::codecvt<char, char, __mbstate_t>::codecvt(unsigned long)
calls=1 0 
0 26
cob=(1)
cfi=(52)
cfn=(200)
calls=1 34 
0 846
0 4
cfn=(558)
calls=1 0 
0 280
0 23
cfn=(576) std::numpunct<char>::_M_initialize_numpunct(__locale_struct*)
calls=1 0 
0 413
cob=(1)
cfi=(52)
cfn=(200)
calls=1 34 
0 1046
0 5
cfn=(558)
calls=1 0 
0 280
0 8
cfn=(558)
calls=1 0 
0 280
0 8
cfn=(558)
calls=1 0 
0 280
0 5
cfn=(538) std::locale::facet::_S_get_c_locale()
calls=1 0 
0 9
0 5
cfn=(558)
calls=1 0 
0 280
0 35
cfn=(582) std::moneypunct<char, false>::_M_initialize_moneypunct(__locale_struct*, char const*)
calls=1 0 
0 112
cob=(1)
cfi=(52)
cfn=(200)
calls=1 34 
0 1142
0 5
cfn=(558)
calls=1 0 
0 280
0 35
cfn=(588) std::moneypunct<char, true>::_M_initialize_moneypunct(__locale_struct*, char const*)
calls=1 0 
0 112
cob=(1)
cfi=(52)
cfn=(200)
calls=1 34 
0 1174
0 5
cfn=(558)
calls=1 0 
0 280
0 8
cfn=(558)
calls=1 0 
0 280
0 8
cfn=(558)
calls=1 0 
0 280
0 56
cfn=(594)
calls=1 0 
0 1226
cob=(1)
cfi=(52)
cfn=(200)
calls=1 34 
0 997
0 5
cfn=(558)
calls=1 0 
0 280
0 8
cfn=(558)
calls=1 0 
0 280
0 8
cfn=(558)
calls=1 0 
0 280
0 3
cfn=(606) std::messages<char>::messages(unsigned long)
calls=1 0 
0 30
cob=(1)
cfi=(52)
cfn=(200)
calls=1 34 
0 757
0 4
cfn=(558)
calls=1 0 
0 280
0 3
cfn=(612) std::ctype<wchar_t>::ctype(unsigned long)
calls=1 0 
0 22923
cob=(1)
cfi=(52)
cfn=(200)
calls=1 34 
0 710
0 4
cfn=(558)
calls=1 0 
0 280
0 3
cfn=(664) std::codecvt<wchar_t, char, __mbstate_t>::codecvt(unsigned long)
calls=1 0 
0 26
cob=(1)
cfi=(52)
cfn=(200)
calls=1 34 
0 838
0 4
cfn=(558)
calls=1 0 
0 280
0 23
cfn=(670) std::numpunct<wchar_t>::_M_initialize_numpunct(__locale_struct*)
calls=1 0 
0 349
cob=(1)
cfi=(52)
cfn=(200)
calls=1 34 
0 1062
0 4
cfn=(558)
calls=1 0 
0 280
0 8
cfn=(558)
calls=1 0 
0 280
0 8
cfn=(558)
calls=1 0 
0 280
0 5
cfn=(538)
calls=1 0 
0 9
0 5
cfn=(558)
calls=1 0 
0 280
0 35
cfn=(676) std::moneypunct<wchar_t, false>::_M_initialize_moneypunct(__locale_struct*, char const*)
calls=1 0 
0 108
cob=(1)
cfi=(52)
cfn=(200)
calls=1 34 
0 1150
0 4
cfn=(558)
calls=1 0 
0 280
0 35
cfn=(682) std::moneypunct<wchar_t, true>::_M_initialize_moneypunct(__locale_struct*, char const*)
calls=1 0 
0 108
cob=(1)
cfi=(52)
cfn=(200)
calls=1 34 
0 1174
0 4
cfn=(558)
calls=1 0 
0 280
0 8
cfn=(558)
calls=1 0 
0 280
0 8
cfn=(558)
calls=1 0 
0 280
0 56
cfn=(688) std::__timepunct<wchar_t>::__timepunct(std::__timepunct_cache<wchar_t>*, unsigned long)
calls=1 0 
0 1240
cob=(1)
cfi=(52)
cfn=(200)
calls=1 34 
0 989
0 4
cfn=(558)
calls=1 0 
0 280
0 8
cfn=(558)
calls=1 0 
0 280
0 8
cfn=(558)
calls=1 0 
0 280
0 3
cfn=(700) std::messages<wchar_t>::messages(unsigned long)
calls=1 0 
0 30
cob=(1)
cfi=(52)
cfn=(200)
calls=1 34 
0 749
0 4
cfn=(558)
calls=1 0 
0 280
0 3
cfn=(564)
calls=1 0 
0 5
0 5
cfn=(564)
calls=1 0 
0 5
0 5
cfn=(564)
calls=1 0 
0 5
0 5
cfn=(564)
calls=1 0 
0 5
0 5
cfn=(564)
calls=1 0 
0 5
0 5
cfn=(564)
calls=1 0 
0 5
0 5
cfn=(564)
calls=1 0 
0 5
0 5
cfn=(564)
calls=1 0 
0 5
0 10

fn=(558)
0 364
cfn=(564)
calls=28 0 
0 392
cob=(1)
cfi=(52)
cfn=(200)
calls=1 34 
0 766
0 7084

fn=(570)
0 12
cfn=(538)
calls=1 0 
0 9
0 5

fn=(606)
0 12
cfn=(538)
calls=1 0 
0 9
0 2
cfn=(526)
calls=1 0 
0 2
0 5

fn=(664)
0 12
cfn=(538)
calls=1 0 
0 9
0 5

fn=(676)
0 108

fn=(700)
0 12
cfn=(538)
calls=1 0 
0 9
0 2
cfn=(526)
calls=1 0 
0 2
0 5

fn=(1034) 0x00000000000b2520
0 3
cfn=(1032)
calls=1 0 
0 4

fn=(582)
0 112

fn=(648)
0 81
cob=(3)
cfi=(90) /build/buildd/eglibc-2.17/wctype/wctype_l.c
cfn=(654) wctype_l
calls=1 27 
0 187
0 13
cob=(3)
cfi=(90)
cfn=(654)
calls=1 27 
0 351
0 17
cob=(3)
cfi=(90)
cfn=(654)
calls=1 27 
0 583
0 3
cob=(3)
cfi=(90)
cfn=(654)
calls=1 27 
0 304
0 3
cob=(3)
cfi=(90)
cfn=(654)
calls=1 27 
0 502
0 3
cob=(3)
cfi=(90)
cfn=(654)
calls=1 27 
0 140
0 3
cob=(3)
cfi=(90)
cfn=(654)
calls=1 27 
0 190
0 3
cob=(3)
cfi=(90)
cfn=(654)
calls=1 27 
0 93
cob=(1)
cfi=(52)
cfn=(200)
calls=1 34 
0 1109
0 3
cob=(3)
cfi=(90)
cfn=(654)
calls=1 27 
0 239

fn=(740)
0 28
cfn=(746)
calls=4 0 
0 2321
cob=(1)
cfi=(52)
cfn=(200)
calls=1 34 
0 893
0 16
cfn=(770) std::ctype<char> const& std::use_facet<std::ctype<char> >(std::locale const&)
calls=4 0 
0 584
cob=(1)
cfi=(52)
cfn=(200)
calls=1 34 
0 929
0 12
cfn=(776)
calls=4 0 
0 412
cob=(1)
cfi=(52)
cfn=(200)
calls=1 34 
0 1277
0 16
cfn=(784)
calls=4 0 
0 404
cob=(1)
cfi=(52)
cfn=(200)
calls=1 34 
0 1269
0 12
cfn=(790) bool std::has_facet<std::num_get<char, std::istreambuf_iterator<char, std::char_traits<char> > > >(std::locale const&)
calls=4 0 
0 412
cob=(1)
cfi=(52)
cfn=(200)
calls=1 34 
0 1245
0 16
cfn=(796) std::num_get<char, std::istreambuf_iterator<char, std::char_traits<char> > > const& std::use_facet<std::num_get<char, std::istreambuf_iterator<char, std::char_traits<char> > > >(std::locale const&)
calls=4 0 
0 404
cob=(1)
cfi=(52)
cfn=(200)
calls=1 34 
0 1269
0 20

fn=(404)
0 49

fn=(458)
0 3
cfn=(358)
calls=1 0 
0 4
0 6
cob=(3)
cfi=(80)
cfn=(370)
calls=1 56 
0 66
0 2
cfn=(358)
calls=1 0 
0 4
0 7
cob=(3)
cfi=(80)
cfn=(370)
calls=1 56 
0 66

fn=(538)
0 91
cfn=(540)
calls=1 0 
0 2253
0 1

fn=(564)
0 672

fn=(752)
0 1296
cfn=(778) __cxxabiv1::__si_class_type_info::__do_dyncast(long, __cxxabiv1::__class_type_info::__sub_kind, __cxxabiv1::__class_type_info const*, void const*, __cxxabiv1::__class_type_info const*, void const*, __cxxabiv1::__class_type_info::__dyncast_result&) const
calls=40 0 
0 1400
cfn=(754)
calls=8 0 
0 1682
0 720

fn=(778)
0 1400

fn=(832)
0 16
cfn=(564)
calls=4 0 
0 20
0 44
cfn=(752)
calls=4 0 
0 308
0 16

fn=(892)
0 30
cob=(3)
cfi=(100) /build/buildd/eglibc-2.17/libio/iofwrite.c
cfn=(898) fwrite
calls=6 35 
0 1040
cob=(1)
cfi=(52)
cfn=(200)
calls=1 34 
0 1032

fn=(1016)
0 8
cob=(3)
cfi=(112)
cfn=(1002)
calls=1 30 
0 931
cob=(1)
cfi=(52)
cfn=(200)
calls=1 34 
0 1153
0 1
cfn=(1040)
calls=1 0 
0 9
0 3

fn=(364)
0 5

fn=(378)
0 73

fn=(456)
0 54

fn=(576)
0 413

fn=(588)
0 112

fn=(670)
0 349

fn=(682)
0 108

fn=(694) std::__timepunct<wchar_t>::_M_initialize_timepunct(__locale_struct*)
0 9
cfn=(538)
calls=1 0 
0 9
0 96

fn=(796)
0 16
cfn=(564)
calls=4 0 
0 20
0 44
cfn=(752)
calls=4 0 
0 308
0 16

fn=(826)
0 16
cfn=(564)
calls=4 0 
0 20
0 52
cfn=(752)
calls=4 0 
0 308
0 16

fn=(1036) 0x00000000000b1fc0
0 3
cfn=(1032)
calls=1 0 
0 4

fn=(338)
0 2
cfn=(346)
calls=1 0 
0 3519
cob=(1)
cfi=(52)
cfn=(200)
calls=1 34 
0 763
0 4

fn=(352)
0 24

fn=(532)
0 14
cfn=(538)
calls=1 0 
0 2264
cob=(1)
cfi=(52)
cfn=(200)
calls=1 34 
0 878
0 144

fn=(546)
0 4
cob=(3)
cfi=(83) /build/buildd/eglibc-2.17/locale/newlocale.c
cfn=(552) newlocale
calls=1 45 
0 38
cob=(1)
cfi=(52)
cfn=(200)
calls=1 34 
0 1116
0 5

fn=(600)
0 10
cfn=(538)
calls=1 0 
0 9
0 97

fn=(612)
0 12
cfn=(538)
calls=1 0 
0 9
0 7
cfn=(618)
calls=1 0 
0 22033
cob=(1)
cfi=(52)
cfn=(200)
calls=1 34 
0 862

fn=(688)
0 14
cfn=(526)
calls=1 0 
0 2
0 4
cfn=(694)
calls=1 0 
0 114
cob=(1)
cfi=(52)
cfn=(200)
calls=1 34 
0 1102
0 4

fn=(770)
0 16
cfn=(564)
calls=4 0 
0 20
0 44
cfn=(752)
calls=4 0 
0 488
0 16

fn=(790)
0 16
cfn=(564)
calls=4 0 
0 20
0 52
cfn=(752)
calls=4 0 
0 308
0 16

fn=(802)
0 24
cfn=(722)
calls=4 0 
0 300
0 12
cfn=(808)
calls=4 0 
0 9454
cob=(1)
cfi=(52)
cfn=(200)
calls=1 34 
0 1093
0 52

fn=(814)
0 16
cfn=(564)
calls=4 0 
0 20
0 52
cfn=(752)
calls=4 0 
0 308
0 16

fn=(844)
0 16
cfn=(564)
calls=4 0 
0 20
0 44
cfn=(752)
calls=4 0 
0 308
0 16

fn=(944)
0 27
cfn=(946) __gnu_cxx::stdio_sync_filebuf<char, std::char_traits<char> >::sync()
calls=3 0 
0 1348
0 15

fn=(946)
0 6
cob=(3)
cfi=(109)
cfn=(952)
calls=3 34 
0 266
cob=(1)
cfi=(52)
cfn=(200)
calls=1 34 
0 1076

fn=(970)
0 27
cfn=(972)
calls=3 0 
0 162
0 15

ob=(4)
fl=(60)
fn=(226)
14 2
cob=(3)
cfi=(42) /build/buildd/eglibc-2.17/csu/../sysdeps/x86_64/multiarch/init-arch.c
cfn=(206) __get_cpu_features
calls=1 179 
* 5
* 5

fn=(220)
10 2
cob=(3)
cfi=(42)
cfn=(206)
calls=1 179 
* 5
* 5

fl=(59)
fn=(218)
25 1
cob=(3)
cfi=(42)
cfn=(206)
calls=1 179 
* 5
+1 1
+1 1
+1 1
+1 1
+2 1

fl=(62)
fn=(224)
25 1
cob=(3)
cfi=(42)
cfn=(206)
calls=1 179 
* 5
+1 1
+1 1
+1 1
+1 1
+2 1

fl=(63)
fn=(228)
15 1
-15 1
fi=(58)
cob=(3)
cfi=(42)
cfn=(206)
calls=1 179 
0 5
0 8

fl=(57)
fn=(214)
15 1
-15 1
fi=(58)
cob=(3)
cfi=(42)
cfn=(206)
calls=1 179 
0 5
0 8

fl=(56)
fn=(212)
8 2
cob=(3)
cfi=(42)
cfn=(206)
calls=1 179 
* 5
* 5

fl=(51)
fn=(192)
15 2
cob=(3)
cfi=(42)
cfn=(206)
calls=1 179 
* 5
cob=(1)
cfi=(52)
cfn=(200)
calls=1 +19 
* 1243
* 8

fl=(55)
fn=(210)
25 1
cob=(3)
cfi=(42)
cfn=(206)
calls=1 179 
* 5
+1 1
+1 1
+1 1
+1 1
+2 1

fl=(61)
fn=(222)
25 1
cob=(3)
cfi=(42)
cfn=(206)
calls=1 179 
* 5
+1 1
+1 1
+1 1
+1 1
+2 1

fl=(58)
fn=(1070)
0 8
cob=(3)
cfi=(112)
cfn=(1002)
calls=1 30 
0 70
cob=(1)
cfi=(52)
cfn=(200)
calls=1 34 
0 1153
0 1
cfn=(1082) 0x00000000000059a0
calls=1 0 
0 9
0 3

fn=(306)
0 17

fn=(1082)
0 9

fl=(54)
fn=(208)
20 2
cob=(3)
cfi=(42)
cfn=(206)
calls=1 179 
* 5
* 8

fn=(232)
24 1
-24 1
fi=(58)
cob=(3)
cfi=(42)
cfn=(206)
calls=1 179 
0 5
0 8

ob=(8)
fl=(81)
fn=(858) Classe1::Classe1()
0 7

fn=(484) 0x0000000000400e10
0 16

fn=(860) Classe2::Classe2()
0 7

fn=(862) Classe3::Classe3()
0 7

fn=(468)
0 11
cob=(3)
cfi=(82) /build/buildd/eglibc-2.17/csu/libc-start.c
cfn=(476) (below main)
calls=1 128 
0 108193
cob=(1)
cfi=(52)
cfn=(200)
calls=1 34 
0 1190

fn=(926) Classe2::f()
0 7
cob=(7)
cfi=(79)
cfn=(870)
calls=1 0 
0 261
0 2

fn=(928) Classe3::h()
0 7
cob=(7)
cfi=(79)
cfn=(870)
calls=1 0 
0 261

ob=(3)
fl=(45) /build/buildd/eglibc-2.17/elf/../sysdeps/unix/sysv/linux/dl-vdso.c
fn=(174) _dl_vdso_vsym
27 4
-1 4
+1 4
+4 8
-3 8

fl=(88) /build/buildd/eglibc-2.17/elf/dl-profstub.c
fn=(640) _dl_mcount_wrapper_check
38 384
+1 128

fl=(73) /build/buildd/eglibc-2.17/string/../sysdeps/x86_64/multiarch/../strrchr.S
fn=(286) __GI_strrchr
25 1
+1 1
+1 1
+1 1
+1 1
+1 1
+1 1
+1 1
+1 1
+1 1
+1 1
+1 1
+1 1
+1 1
+1 1
+1 1
+1 1
+1 1
+1 1
+1 1
+1 1
+1 1
+1 1
+2 5
+1 5
+1 5
+1 5
+1 5
+1 5
+1 5
+1 5
+1 5
+1 5
+2 6
+1 6
+1 6
+1 6
+2 5
+1 5
+1 5
+1 5
+2 1
+1 1
+1 1
+1 1
+1 1
+2 1

fl=(102) /build/buildd/eglibc-2.17/libio/genops.c
fn=(1092) _IO_flush_all_lockp
819 3
+6 1
-6 5
+6 2
+6 1
+1 1
-2 1
+2 2
+4 2
-1 3
-1 3
+1 3
+3 9
+10 6
+4 3
-2 3
+2 6
+7 3
-27 6
+31 2
+2 2
+4 9
-31 12

fn=(1096) _IO_default_setbuf
558 5
+1 1
-1 2
+1 1
cfi=(101) /build/buildd/eglibc-2.17/libio/fileops.c
cfn=(954) _IO_file_sync@@GLIBC_2.2.5
calls=1 894 
* 13
* 2
+9 1
-7 1
+7 1
-7 1
401 1
563 1
+1 1
-1 1
+1 1
401 4
+7 1
-5 1
+1 1
571 3
+1 3
+2 6

fn=(904) _IO_doallocbuf
415 5
+1 2
+6 5
-4 2
+1 3
cfi=(103) /build/buildd/eglibc-2.17/libio/filedoalloc.c
cfn=(906) _IO_file_doallocate
calls=1 96 
* 83
* 2

fn=(918) _IO_default_xsputn
448 1
+4 1
-1 1
-3 5
+3 5
+5 4
+2 3
+3 2
+18 1
+2 2
-17 2
+5 1
-5 1
cfi=(106) /build/buildd/eglibc-2.17/string/../sysdeps/x86_64/memcpy.S
cfn=(920) __GI_mempcpy
calls=1 61 
* 31
* 2
+21 2
+1 6

fn=(914) _IO_setb
400 4
+1 1
-1 1
+1 3
+3 1
+2 4
-3 1
+3 1
+3 5

fn=(1090) _IO_cleanup
1007 1
+3 1
-3 2
-48 1
+48 2
+3 1
cfn=(1092)
calls=1 819 
* 88
-63 1
+63 1
-63 3
+2 12
+2 2
-1 4
+3 3
+6 15
+48 1
-40 5
+10 5
cfi=(101)
cfn=(1094) _IO_file_setbuf@@GLIBC_2.2.5
calls=1 469 
* 67
+3 2
+7 3
-40 9
+75 7
-53 1
+4 1
-4 1
+2 1
+1 1
+1 1
-2 1
+3 4
+6 3
+1 8

fl=(72) /build/buildd/eglibc-2.17/misc/init-misc.c
fn=(284) __init_misc
30 3
+1 1
-1 1
+1 4
+2 3
cfi=(73)
cfn=(286)
calls=1 -8 
* 123
+4 5
+1 3
+2 4

fl=(96) /build/buildd/eglibc-2.17/setjmp/../sysdeps/x86_64/setjmp.S
fn=(852) __sigsetjmp
26 1
+9 1
+1 2
+1 1
+4 1
+1 1
+1 1
+1 1
+1 1
+2 2
+2 1
+1 1
+3 2
+2 1
+9 1
cfi=(97) /build/buildd/eglibc-2.17/setjmp/sigjmp.c
cfn=(854) __sigjmp_save
calls=1 -35 
* 9

fl=(98)
fn=(876)
32 1
+1 1
+2 1
+1 1
+1 1
+6 1
+1 1
+2 1

fl=(89) /build/buildd/eglibc-2.17/iconv/gconv_simple.c
fn=(642) __gconv_btwoc_ascii
52 512
+3 128

fl=(43)
fn=(170)
37 1
-1 1
fi=(44) /build/buildd/eglibc-2.17/time/../sysdeps/generic/dl-hash.h
+8 1
fe=(43)
-7 2
fi=(44)
+8 1
fe=(43)
-8 1
fi=(44)
+6 1
+5 3
+1 2
+13 2
-17 3
+3 9
+1 6
+13 6
-17 9
+22 1
fe=(43)
-30 2
+3 2
-3 1
+3 1
cfi=(45)
cfn=(174)
calls=1 -13 
* 7
* 3
+1 2

fl=(42)
fn=(168) __init_cpu_features
52 1
-8 1
+8 1
+3 1
-3 1
+3 5
+92 2
+4 2
+2 3
+15 1
+1 1
+2 1
+1 2
-15 2
+1 1
+2 2
+3 2
-99 1
-33 3
+6 1
+1 1
+26 1
-27 1
+1 1
+26 1
-27 1
+1 1
+26 1
+4 1
-37 1
+37 1
-37 2
+37 1
+1 1
-38 1
+38 1
+5 1
+2 1
-2 1
-17 1
+58 1
-38 1
+1 2
+11 1
-32 1
+32 1
+22 3
-33 9

fn=(206)
179 36
+4 24

fl=(94)
fn=(764)
130 8
+1 8
+2 8
+1 8
+26 8
+1 8
+1 8
+1 8
+1 8
+1 8
+35 8
+1 8
+1 8
+1 8
+1 8
+1 8
+1 8
1714 8
+6 8
+1 8
+8 8
+1 8

fl=(48)
fn=(182)
31 1
-1 1
fi=(44)
+14 1
fe=(48)
-13 2
fi=(44)
+14 1
fe=(48)
-14 1
fi=(44)
+12 1
+5 3
+1 2
+13 2
-17 3
+3 9
+1 6
+13 6
-17 9
+22 1
fe=(48)
-36 2
+3 2
-3 1
+3 1
cfi=(45)
cfn=(174)
calls=1 -7 
* 7
+1 3
+1 2

fl=(69)
fn=(278)
52 7
+6 3
+17 1
fi=(70) /build/buildd/eglibc-2.17/csu/../sysdeps/generic/dl-hash.h
-31 1
fe=(69)
+29 1
+1 1
fi=(71) /build/buildd/eglibc-2.17/csu/../sysdeps/unix/sysv/linux/x86_64/init-first.c
-36 1
fi=(70)
+7 1
fi=(71)
-7 1
fe=(69)
+37 1
fi=(71)
-37 2
fi=(70)
+5 1
+5 3
+1 2
+13 2
-17 3
+3 9
+1 6
+13 6
-17 9
+22 1
fi=(71)
-29 2
+2 2
-2 1
+2 1
cfi=(45)
cfn=(174)
calls=1 -13 
* 7
+1 2
+5 2
-3 2
+1 1
+2 1
cfi=(45)
cfn=(174)
calls=1 -19 
* 7
fe=(69)
+43 1
fi=(71)
-39 1
fe=(69)
+39 2
fi=(71)
-39 2
+1 2
+1 1
fe=(69)
+37 1
cfi=(72)
cfn=(284)
calls=1 -59 
* 147
+8 1
cfi=(74) /build/buildd/eglibc-2.17/ctype/ctype-info.c
cfn=(288) __ctype_init
calls=1 -65 
* 16
+5 5
-35 1
-9 1
+9 4
fi=(71)
-25 2
fe=(69)

fl=(112)
fn=(1002)
30 12
+18 4
-18 20
+4 16
+4 59
+5 24
+2 3
+1 3
+2 12
-3 6
+5 3
+5 3
-2 6
+2 3
cob=(7)
cfi=(79)
cfn=(1036)
calls=1 -55 
* 7
cob=(7)
cfi=(79)
cfn=(1034)
calls=1 -55 
* 7
cob=(7)
cfi=(79)
cfn=(1026)
calls=1 -55 
* 802
+4 6
-21 9
-4 12
+32 16
+4 24
-4 12
+12 8
+3 4
-2 4
+2 24
-2 4
cfi=(113) /build/buildd/eglibc-2.17/nptl/../nptl/sysdeps/unix/sysv/linux/unregister-atfork.c
cfn=(1004) __unregister_atfork
calls=4 -43 
* 28

fl=(83)
fn=(552)
45 11
+12 2
+8 2
+3 3
+6 2
+1 1
+2 1
-2 3
280 9
58 2
+17 2

fl=(101)
fn=(956) new_do_write
529 5
+2 1
-2 2
+2 1
+15 5
cfn=(958) _IO_file_write@@GLIBC_2.2.5
calls=1 1262 
* 46
+1 1
-1 1
+1 2
+6 1
-4 1
+4 1
-4 3
+1 2
+3 2
-2 1
+4 6
-17 4
+14 3

fn=(916) _IO_do_write@@GLIBC_2.2.5
519 4
-2 4
+2 2
+1 2
-1 1
cfn=(956)
calls=1 +10 
* 88
* 4
+1 2

fn=(958)
1262 7
+3 5
+11 1
+1 1
-12 2
+5 1
-1 3
+1 2
cfi=(110) /build/buildd/eglibc-2.17/io/../sysdeps/unix/syscall-template.S
cfn=(960) write
calls=1 81 
* 7
+1 2
+9 3
+2 2
+1 10

fn=(902) _IO_file_overflow@@GLIBC_2.2.5
832 4
+1 3
+7 3
+35 2
-32 2
+12 2
+9 4
+4 1
+3 1
-2 1
+2 1
-2 1
-3 1
+5 1
+1 2
-5 1
+5 4
+4 1
+1 1
+11 3
-12 1
cfn=(916)
calls=1 519 
* 7
-31 2
cfi=(102)
cfn=(904)
calls=1 415 
* 102
+1 6

fn=(908) _IO_file_stat
1230 1
+1 3
cfi=(104) /build/buildd/eglibc-2.17/io/../sysdeps/unix/sysv/linux/wordsize-64/fxstat.c
cfn=(910) _fxstat
calls=1 36 
* 10

fn=(1094)
469 2
+1 1
cfi=(102)
cfn=(1096)
calls=1 +88 
* 52
* 2
+4 2
-1 2
+2 3
+3 3

fn=(900) _IO_file_xsputn@@GLIBC_2.2.5
1290 12
+7 6
-7 30
+6 12
+7 36
+17 24
+1 10
+3 25
+5 15
+5 5
-5 5
cfi=(106)
cfn=(920)
calls=5 61 
* 155
* 5
+6 15
+2 15
+29 12
+1 42
-47 2
+17 3
+4 4
cfn=(902)
calls=1 832 
* 157
* 2
+8 2
+1 6
+2 3
+11 2
+1 4
cfi=(102)
cfn=(918)
calls=1 448 
* 70
* 2

fn=(954)
894 7
+5 7
-5 7
+5 21
+1 5
+1 7
+1 14
+17 14
+4 14
-23 2
cfn=(916)
calls=1 519 
* 100
* 3

fl=(49)
fn=(186)
49 1
-49 12

fl=(46)
fn=(176)
30 1
+1 1
+2 1
+1 1
+1 1
+2 1

fl=(85)
fn=(630)
32 768
+9 256
+5 128
+1 128
-1 128
+38 768

fl=(99)
fn=(878)
32 6
+1 6
+1 6
+1 6
+1 6
+1 6
+1 3
+1 3
+1 3
+1 3
+1 3
+1 3
+1 3
+1 3
+2 3
+1 3
+1 3
+1 3
+1 3
+1 3
+1 3
+1 3
+1 3
+2 6
+1 6
+1 6
+1 6
+1 6
+1 6
+1 6
+1 6
+2 3
+1 3
+1 3
+1 3
229 3
+1 3
+1 3
+1 3
+1 3
+3 3
+1 3
+1 3
+1 3
+1 3

fl=(82)
fn=(476)
128 7
+10 1
-10 3
+10 3
+54 1
-54 1
+54 1
+1 4
cfi=(80)
cfn=(370)
calls=1 56 
* 66
+22 6
+3 2
+1 5
cob=(8)
cfi=(81)
cfn=(478) __libc_csu_init
calls=1 0 
* 88978
+4 4
+15 2
+9 2
cfi=(95) /build/buildd/eglibc-2.17/setjmp/../sysdeps/x86_64/bsd-_setjmp.S
cfn=(850) _setjmp
calls=1 33 
* 29
+1 2
+5 2
+1 2
+3 2
+3 6
cob=(8)
cfi=(81)
cfn=(856) main
calls=1 0 
* 7472
+34 2
cfi=(108) /build/buildd/eglibc-2.17/stdlib/exit.c
cfn=(930) exit
calls=1 99 
* 11588
138 2

fl=(74)
fn=(288)
32 7
+2 4
+2 5

fl=(86)
fn=(636)
39 256
-5 1280
+5 256
+1 256
-1 256
+62 1280
-62 768
+5 512
+4 384
fi=(87) /build/buildd/eglibc-2.17/wcsmbs/./wcsmbsload.h
+23 384
fe=(86)
-20 128
-2 256
+2 128
+1 256
+4 256
+3 256
cfi=(88)
cfn=(640)
calls=128 -21 
* 512
* 384
cfi=(89)
cfn=(642)
calls=128 -7 
* 640
* 128
fi=(87)
+14 384
+1 256
fe=(86)

fl=(90)
fn=(654)
27 45
+7 9
-7 36
+3 9
cfi=(91) /build/buildd/eglibc-2.17/string/../sysdeps/x86_64/multiarch/../strlen.S
cfn=(656) __GI_strlen
calls=9 -5 
* 136
+3 9
-3 9
+3 18
+8 40
+1 80
-8 40
+2 80
cfi=(91)
cfn=(656)
calls=40 -11 
* 594
* 18
cfi=(91)
cfn=(656)
calls=9 -11 
* 126
+2 49
-2 49
+2 213
cfi=(92) /build/buildd/eglibc-2.17/string/../sysdeps/x86_64/multiarch/../memcmp.S
cfn=(658) __GI_memcmp
calls=41 -14 
* 857
* 82
+8 9
+1 9
+1 72

fl=(114) /build/buildd/eglibc-2.17/posix/../sysdeps/unix/sysv/linux/_exit.c
fn=(1098) _Exit
28 2
+4 1
+2 2

fl=(80)
fn=(370)
56 10
-22 5
+22 25
-22 5
cfn=(372) __new_exitfn
calls=5 +38 
* 206
+2 10
+4 5
+3 5
+1 5
-4 10
+2 5
+4 5
+1 5
+11 25

fn=(372)
72 5
+6 10
-6 15
+6 20
+2 30
+2 15
+1 20
-3 1
+10 2
-10 2
+13 8
+25 4
+1 4
-1 4
+1 4
-1 4
+7 4
+1 4
+3 8
-4 1
+1 1
+3 12
+3 25
-21 1
+1 2

fl=(97)
fn=(854)
29 2
-1 2
+1 2
+5 3

fl=(108)
fn=(930)
99 1
-1 1
+1 2
cfn=(932) __run_exit_handlers
calls=1 -63 
* 11584

fn=(932)
36 9
+5 4
+4 2
-4 2
+4 10
+3 5
-1 20
+2 31
+24 2
+4 4
-2 4
+2 2
cob=(1)
cfi=(111)
cfn=(974)
calls=1 +55 
* 6816
cob=(7)
cfi=(79)
cfn=(938)
calls=1 -77 
* 3260
cob=(1)
cfi=(52)
cfn=(200)
calls=1 -43 
* 1132
+1 2
+4 1
+1 1
-1 1
+1 1
+6 2
+1 5
cfi=(102)
cfn=(1090)
calls=1 1007 
* 258
* 3
+2 2
cfi=(114)
cfn=(1098)
calls=1 -64 
* 5

fl=(110)
fn=(960)
81 2
cfn=(962) __write_nocancel
calls=1 * 
* 5

fn=(962)
81 5

fl=(100)
fn=(898)
35 6
+1 6
-1 6
+1 6
-1 30
+4 12
+2 102
+1 28
fi=(107) /build/buildd/eglibc-2.17/libio/libioP.h
904 12
+1 18
fe=(100)
47 12
+6 42
-11 1
+1 5
cfi=(101)
cfn=(900)
calls=1 1290 
* 286
* 25
cfi=(101)
cfn=(900)
calls=5 1290 
* 395
* 12
fi=(107)
905 36
fe=(100)

fl=(106)
fn=(920)
61 6
+4 6
+3 6
+1 6
+11 6
+1 6
+2 6
+1 6
+2 6
+1 6
+5 6
+1 6
+2 6
+1 6
+2 6
+1 6
+5 6
+1 6
+11 6
+1 12
+5 6
+1 6
+1 6
+1 6
+2 6
+2 6
+1 6
+2 6
+6 6
+4 6

fl=(77)
fn=(300)
33 3
+1 1

fl=(113)
fn=(1004)
36 4
-8 8
+11 8
+82 8

fl=(75)
fn=(298) intel_02_known_compare
150 162
+3 162

fn=(292) handle_intel
306 4
-1 2
+12 2
-12 6
+17 2
-17 8
+14 2
+1 2
+8 4
+5 2
-5 4
+5 2
+7 10
cfn=(294) intel_check_word
calls=2 161 
* 1452
+1 4
+3 10
cfn=(294)
calls=2 161 
* 181
+1 4
-10 2
+1 4
+26 16

fn=(294)
161 28
+1 12
+6 32
+2 4
-2 4
+2 4
+12 20
+53 24
+36 40
-1 8
+1 8
cfi=(76) /build/buildd/eglibc-2.17/stdlib/bsearch.c
cfn=(296) bsearch
calls=8 26 
* 1234
+2 16
+22 8
170 16
+2 10
+2 20
-10 2
300 28
194 10
+5 10
-5 14
+9 2
+2 4
+8 2
+2 4
+13 3
-34 15
+5 6
+4 8
+7 9
+7 2
+2 2
+1 2
-3 2
+2 2
-1 2
-1 2
+2 2
-1 6
+1 2
-2 4

fn=(290)
550 1
+13 1
-13 1
+13 1
-13 1
+13 1
+7 2
+2 3
cfn=(292)
calls=1 306 
* 841
+4 2
-4 1
+4 1
cfn=(292)
calls=1 306 
* 882
+2 1
-2 1
-1 1
+3 1
+29 1
-18 1
+18 3
+7 5
+6 1
-6 1
+6 1
-6 12
+6 3
-6 3
+6 3
+3 16
+2 1
+6 5
+7 5
+2 1
+2 2
-4 4
+2 1
+2 6
+2 4
+5 1
+2 2
+1 1
-1 2
+1 1
+5 1
+12 4
+75 2
+2 1
+1 1
+2 1
-3 1
+5 1
-5 1
+4 3
+4 2
+2 1
+1 1
+2 1
-3 1
+5 1
+2 1
-7 1
+4 2
+3 1
-3 1
+3 2
-93 6

fl=(84)
fn=(624)
31 2
+2 4
-2 2
+2 2
+3 4
+1 2
+28 6
+1 6
+2 6
+4 6
+1 2

fl=(95)
fn=(850)
33 1
+2 1
cfi=(96)
cfn=(852)
calls=1 -9 
* 27

fl=(105) /build/buildd/eglibc-2.17/misc/../sysdeps/unix/syscall-template.S
fn=(912) mmap
81 5
+1 1

fl=(109)
fn=(952)
34 6
-1 12
+1 6
+6 90
+1 18
cfi=(101)
cfn=(954)
calls=6 894 
* 188
* 12
fi=(107)
904 6
fe=(109)
41 6
fi=(107)
904 6
+1 54
fe=(109)
45 18

fl=(103)
fn=(906)
96 5
+15 6
cfi=(101)
cfn=(908)
calls=1 1230 
* 14
* 2
+2 4
+11 6
+4 6
cfi=(105)
cfn=(912)
calls=1 -47 
* 6
* 2
+1 5
cfi=(102)
cfn=(914)
calls=1 400 
* 21
+1 1
+1 5

fl=(76)
fn=(296)
26 8
+7 8
-7 72
+7 8
-7 16
+7 8
+7 8
+1 8
-8 16
+2 54
+2 54
-2 54
+1 162
+1 108
cfi=(75)
cfn=(298)
calls=54 150 
* 324
+1 108
+1 46
-6 92

ob=(8)
fl=(81)
fn=(928)
0 2

fn=(924) Classe1::g()
0 21
cob=(7)
cfi=(79)
cfn=(870)
calls=3 0 
0 798
0 6

fn=(982) 0x0000000000400d80
0 8

fn=(478)
0 16
cob=(2)
cfi=(14)
cfn=(480)
calls=1 0 
0 6
0 7
cfn=(484)
calls=1 0 
0 16
0 4
cfn=(492) _GLOBAL__sub_I_main
calls=1 0 
0 88915
0 14

fn=(492)
0 5
cfn=(494) __static_initialization_and_destruction_0(int, int)
calls=1 0 
0 88908

ob=(3)
fl=(76)
fn=(296)
46 8
+1 72

fl=(47)
fn=(180)
27 1
+1 1
+2 1
+1 1
+1 1
+1 1
+1 1

fl=(41)
fn=(762)
87 1
+1 1
+3 1
+1 1
+1 1
+5 1

fn=(166)
105 1
+1 1
+1 1
cfi=(42)
cfn=(168)
calls=1 -55 
* 74
+3 1
+1 1
+1 1
+9 1

fn=(178)
129 1
+1 1
+4 1
+1 1
+1 1
+9 1

fl=(104)
fn=(910)
36 1
-1 1
+1 1
+1 6
+4 1

ob=(8)
fl=(81)
fn=(492)
0 2

fn=(494)
0 11
cob=(7)
cfi=(79)
cfn=(500)
calls=1 0 
0 86648
cob=(1)
cfi=(52)
cfn=(200)
calls=1 34 
0 1054
0 4
cob=(3)
cfi=(80)
cfn=(370)
calls=1 56 
0 66
cob=(1)
cfi=(52)
cfn=(200)
calls=1 34 
0 1123
0 2

fn=(978)
0 5
cfn=(982)
calls=1 0 
0 8
0 3

fn=(856)
0 6
cfn=(858)
calls=1 0 
0 7
0 3
cfn=(860)
calls=1 0 
0 7
0 3
cfn=(862)
calls=1 0 
0 7
0 8
cfn=(864) Classe1::f()
calls=1 0 
0 6037
0 3
cfn=(924)
calls=1 0 
0 275
0 8
cfn=(926)
calls=1 0 
0 270
0 3
cfn=(924)
calls=1 0 
0 275
0 8
cfn=(928)
calls=1 0 
0 270
0 3
cfn=(924)
calls=1 0 
0 275
0 2

ob=(3)
fl=(91)
fn=(656)
25 58
+1 58
+1 58
+1 58
+1 58
+1 58
+1 51
+1 51
+1 51
+1 51
+1 51
+5 7
+1 7
+1 7
+1 7
+1 7
+1 7
+1 7
+1 7
+1 7
+2 1
+1 1
+1 1
+1 2
+3 1
+1 1
+1 1
+1 1
+18 6
+2 6
+1 6
+1 6
-2 51
+1 51
+1 51
+3 1
+1 1
+1 1
+1 1

fl=(92)
fn=(658)
24 41
+1 41
+1 41
+1 41
+1 41
+1 41
+1 41
+1 41
+3 41
+1 41
+1 40
+1 40
+1 40
+1 40
+1 40
+1 40
+1 40
+2 10
+1 10
+1 1
+1 1
+1 1
+1 1
+1 1
+1 1
+1 1
+2 10
+1 10
+1 10
+1 10
+1 10
+1 10
+35 31
+4 10
+1 10
+1 1
+1 1
+1 1
+1 1
+1 1
+1 1
+1 1
+1 1
+1 1
+1 1
+1 1
+4 9
+1 9

ob=(5)
fl=(65)
fn=(990)
0 8
cob=(3)
cfi=(112)
cfn=(1002)
calls=1 30 
0 70
cob=(1)
cfi=(52)
cfn=(200)
calls=1 34 
0 790
0 1
cfn=(1008) 0x00000000000005c0
calls=1 0 
0 9
0 3

fn=(258)
0 17

fn=(1008)
0 7

ob=(8)
fl=(81)
fn=(856)
0 2

fn=(864)
0 7
cob=(7)
cfi=(79)
cfn=(870)
calls=1 0 
0 4511
cob=(1)
cfi=(52)
cfn=(200)
calls=1 34 
0 1517

ob=(5)
fl=(65)
fn=(1008)
0 2

ob=(8)
fl=(81)
fn=(864)
0 2

totals: 1359130
